t,o,c,h,l,s,v,Ticker,RSI,TP,Cumulative TP,Cumulative Volume,VWAP
1683057600,6.63,6.63,6.63,6.63,ok,31929,AMPY,,6.63,211689.27,31929,6.63
1683100800,6.59,6.59,6.59,6.58,ok,4935,AMPY,,6.586666666666666,32505.199999999997,36864,0.8817599826388888
1683108000,6.6,6.6,6.6,6.6,ok,1200,AMPY,,6.599999999999999,7919.999999999998,38064,0.20807061790668344
1683118800,6.6,6.61,6.66,6.54,ok,101112,AMPY,,6.603333333333333,667676.2399999999,139176,4.797351842271655
1683122400,6.64,6.57,6.65,6.535,ok,60321,AMPY,,6.585000000000001,397213.78500000003,199497,1.9910764823531182
1683126000,6.57,6.535,6.575,6.495,ok,75395,AMPY,,6.535,492706.325,274892,1.792363273576532
1683129600,6.545,6.61,6.615,6.545,ok,41980,AMPY,,6.59,276648.2,316872,0.8730597843924361
1683133200,6.61,6.57,6.615,6.545,ok,24082,AMPY,,6.576666666666667,158379.28666666668,340954,0.4645180483779826
1683136800,6.6,6.525,6.61,6.5,ok,97040,AMPY,,6.544999999999999,635126.7999999999,437994,1.4500810513386027
1683140400,6.53,6.46,6.56,6.44,ok,225724,AMPY,,6.486666666666667,1464196.346666667,663718,2.206051887498406
1683144000,6.68,6.68,6.68,6.68,ok,2034,AMPY,,6.68,13587.119999999999,665752,0.020408680709934027
1683147600,6.6,6.6,6.6,6.6,ok,571,AMPY,,6.599999999999999,3768.5999999999995,666323,0.005655815572927844
1683151200,6.6,6.6,6.6,6.6,ok,100,AMPY,,6.599999999999999,659.9999999999999,666423,0.000990361977302704
1683154800,6.76,6.76,6.76,6.76,ok,500,AMPY,57.92682926829266,6.760000000000001,3380.0000000000005,666923,0.005068051334261977
1683201600,6.6,6.6,6.6,6.6,ok,100,AMPY,48.46938775510203,6.599999999999999,659.9999999999999,667023,0.0009894711276822537
1683205200,6.77,6.85,7.01,6.77,ok,123151,AMPY,60.924369747899135,6.876666666666666,846868.3766666666,790174,1.0717492307601446
1683208800,6.8,6.71,6.87,6.69,ok,179390,AMPY,54.16666666666667,6.756666666666667,1212078.4333333333,969564,1.2501273080821207
1683212400,6.725,6.72,6.79,6.67,ok,100786,AMPY,54.16666666666664,6.726666666666667,677953.8266666667,1070350,0.6333945220410769
1683216000,6.7,6.82,6.82,6.69,ok,87716,AMPY,59.05797101449275,6.776666666666667,594422.0933333334,1158066,0.5132886150990819
1683219600,6.85,6.985,7.155,6.8,ok,375497,AMPY,64.90066225165563,6.98,2620969.06,1533563,1.709071658614612
1683223200,6.99,6.95,6.99,6.87,ok,61187,AMPY,61.56462585034012,6.9366666666666665,424433.8233333333,1594750,0.26614442598108373
1683226800,6.95,7.01,7.08,6.875,ok,345643,AMPY,64.76510067114093,6.988333333333333,2415468.4983333335,1940393,1.244834679538286
1683291600,7.27,7.34,7.37,7.25,ok,110367,AMPY,72.95774647887322,7.32,807886.4400000001,2050760,0.39394489847666236
1683295200,7.35,7.24,7.37,7.23,ok,80572,AMPY,71.54696132596686,7.280000000000001,586564.1600000001,2131332,0.2752101315046178
1683298800,7.25,7.14,7.26,7.14,ok,32993,AMPY,63.6094674556213,7.18,236889.74,2164325,0.1094520185277165
1683302400,7.165,7.15,7.165,7.125,ok,46331,AMPY,66.97530864197532,7.146666666666666,331112.21333333326,2210656,0.14978007131518123
1683306000,7.145,7.15,7.16,7.105,ok,35402,AMPY,66.97530864197532,7.138333333333333,252711.27666666664,2246058,0.11251324617025324
1683309600,7.15,7.21,7.22,7.15,ok,40351,AMPY,64.80263157894737,7.193333333333334,290258.19333333336,2286409,0.12694937490769734
1683313200,7.2,7.16,7.22,7.13,ok,70452,AMPY,69.85815602836881,7.169999999999999,505140.8399999999,2356861,0.2143278029548624
1683324000,7.17,7.17,7.17,7.17,ok,1000,AMPY,63.67521367521368,7.169999999999999,7169.999999999999,2357861,0.0030408917234730965
1683550800,7.16,7.18,7.35,7.16,ok,76047,AMPY,72.59615384615384,7.2299999999999995,549819.8099999999,2433908,0.22589999704179448
1683554400,7.14,7.14,7.18,7.11,ok,20029,AMPY,69.62616822429905,7.1433333333333335,143073.82333333333,2453937,0.05830378829339683
1683558000,7.13,7.09,7.18,7.08,ok,44053,AMPY,63.23529411764704,7.116666666666667,313510.51666666666,2497990,0.12550511277733964
1683561600,7.07,7.07,7.095,7.04,ok,26843,AMPY,54.85714285714286,7.0683333333333325,189735.27166666664,2524833,0.07514765200972366
1683565200,7.075,7.08,7.105,7.06,ok,29663,AMPY,57.64705882352942,7.081666666666666,210063.4783333333,2554496,0.08223284684467437
1683568800,7.07,7.025,7.07,7.005,ok,28997,AMPY,50.88757396449707,7.033333333333334,203945.56666666668,2583493,0.07894179185570338
1683572400,7.01,6.95,7.01,6.925,ok,83347,AMPY,16.949152542372858,6.961666666666666,580234.0316666666,2666840,0.21757361958972665
1683630000,6.96,6.95,6.96,6.95,ok,340,AMPY,20.408163265306072,6.953333333333333,2364.133333333333,2667180,0.0008863793719708956
1683637200,6.87,6.94,7.04,6.78,ok,33601,AMPY,25.0,6.920000000000001,232518.92000000004,2700781,0.08609321525884552
1683640800,6.92,6.98,6.98,6.88,ok,29151,AMPY,30.2325581395348,6.946666666666666,202502.28,2729932,0.07417850701043102
1683644400,6.99,6.93,6.99,6.895,ok,25179,AMPY,27.0833333333332,6.938333333333333,174700.29499999998,2755111,0.0634095305053045
1683648000,6.93,7.055,7.055,6.92,ok,44108,AMPY,35.77981651376142,7.010000000000001,309197.08,2799219,0.11045833855800494
1683651600,7.055,7.12,7.13,7.025,ok,47626,AMPY,46.42857142857142,7.091666666666668,337747.71666666673,2846845,0.11863930655398054
1683655200,7.13,7.11,7.15,7.11,ok,40409,AMPY,44.64285714285717,7.123333333333334,287846.7766666667,2887254,0.09969568893719315
1683658800,7.115,7.07,7.115,7.03,ok,75298,AMPY,40.67796610169496,7.071666666666666,532482.3566666667,2962552,0.17973772499745716
1683723600,7.12,6.935,7.14,6.92,ok,27860,AMPY,35.03649635036496,6.998333333333332,194973.56666666662,2990412,0.0651995667040751
1683727200,6.92,6.89,6.95,6.855,ok,55300,AMPY,35.294117647058826,6.898333333333333,381477.8333333333,3045712,0.1252507897441824
1683730800,6.91,6.915,6.99,6.9,ok,34864,AMPY,38.68613138686131,6.935,241781.84,3080576,0.07848591951635019
1683734400,6.92,6.93,6.98,6.91,ok,28942,AMPY,39.130434782608695,6.94,200857.48,3109518,0.06459440980885141
1683738000,6.905,6.83,6.915,6.815,ok,116719,AMPY,36.734693877551024,6.853333333333334,799914.2133333335,3226237,0.24794031353968524
1683741600,6.83,6.84,6.88,6.82,ok,41523,AMPY,41.79104477611939,6.846666666666667,284294.14,3267760,0.08699970010037457
1683745200,6.86,6.855,6.895,6.84,ok,87802,AMPY,43.06569343065697,6.863333333333333,602614.3933333333,3355562,0.17958672595926803
1683802800,6.86,6.85,6.86,6.85,ok,3051,AMPY,43.38235294117644,6.853333333333334,20909.520000000004,3358613,0.006225641358501264
1683810000,6.77,6.71,6.79,6.68,ok,23443,AMPY,32.69230769230771,6.726666666666667,157693.24666666667,3382056,0.046626444584793
1683813600,6.71,6.69,6.73,6.67,ok,20737,AMPY,34.00000000000006,6.696666666666666,138868.77666666667,3402793,0.040810233436670014
1683817200,6.71,6.67,6.74,6.665,ok,33691,AMPY,20.15503875969,6.691666666666667,225448.94166666668,3436484,0.06560453698217908
1683820800,6.67,6.64,6.68,6.63,ok,26508,AMPY,10.65573770491808,6.6499999999999995,176278.19999999998,3462992,0.05090343841394955
1683824400,6.65,6.64,6.715,6.64,ok,42135,AMPY,10.833333333333384,6.665,280829.775,3505127,0.08011971463516158
1683828000,6.63,6.655,6.66,6.63,ok,24528,AMPY,13.913043478261002,6.648333333333333,163070.32,3529655,0.04620007337827635
1683831600,6.645,6.68,6.68,6.62,ok,78105,AMPY,22.580645161290377,6.66,520179.3,3607760,0.14418345455351797
1683896400,6.77,6.76,6.86,6.73,ok,17629,AMPY,37.00000000000004,6.783333333333334,119583.38333333335,3625389,0.032984979910661544
1683900000,6.73,6.7,6.74,6.66,ok,32202,AMPY,29.9065420560748,6.7,215753.4,3657591,0.05898784199764271
1683903600,6.7,6.6,6.7,6.6,ok,22091,AMPY,23.38709677419358,6.633333333333333,146536.96666666665,3679682,0.03982326914843909
1683907200,6.605,6.6,6.63,6.575,ok,37719,AMPY,27.8846153846154,6.601666666666667,249008.26499999998,3717401,0.06698450476556067
1683910800,6.6,6.68,6.69,6.59,ok,44896,AMPY,36.44067796610172,6.653333333333333,298708.05333333334,3762297,0.07939512838389243
1683914400,6.67,6.655,6.675,6.645,ok,28740,AMPY,33.33333333333333,6.658333333333334,191360.50000000003,3791037,0.050477085821109116
1683918000,6.64,6.71,6.745,6.635,ok,79401,AMPY,39.23076923076924,6.696666666666666,531722.03,3870438,0.13738032491413119
1684155600,6.71,6.765,6.78,6.71,ok,19119,AMPY,54.86725663716812,6.751666666666666,129085.11499999999,3889557,0.03318761365368858
1684159200,6.75,6.77,6.785,6.69,ok,42937,AMPY,57.2727272727272,6.748333333333334,289753.18833333335,3932494,0.07368178777471329
1684162800,6.78,6.8,6.81,6.76,ok,27411,AMPY,61.60714285714286,6.79,186120.69,3959905,0.04700130179890679
1684166400,6.79,6.84,6.85,6.76,ok,14871,AMPY,67.54385964912285,6.816666666666666,101370.65,3974776,0.025503487492125342
1684170000,6.83,6.76,6.83,6.76,ok,16940,AMPY,59.23076923076924,6.783333333333334,114909.66666666669,3991716,0.028787034615355072
1684173600,6.76,6.73,6.76,6.73,ok,9055,AMPY,55.63909774436093,6.739999999999999,61030.7,4000771,0.015254734649896231
1684177200,6.715,6.71,6.74,6.695,ok,43067,AMPY,52.272727272727295,6.715,289194.90499999997,4043838,0.07151495806706401
1684242000,6.65,6.68,6.84,6.57,ok,193978,AMPY,43.44262295081966,6.696666666666666,1299006.0066666666,4237816,0.3065272316369249
1684245600,6.67,6.58,6.71,6.58,ok,45822,AMPY,40.76923076923075,6.623333333333332,303494.37999999995,4283638,0.07084967964146362
1684249200,6.59,6.585,6.61,6.56,ok,14878,AMPY,48.64864864864868,6.585,97971.63,4298516,0.02279196587845666
1684252800,6.58,6.56,6.59,6.54,ok,25783,AMPY,46.55172413793103,6.563333333333333,169222.4233333333,4324299,0.039132914567964264
1684256400,6.55,6.61,6.61,6.54,ok,28513,AMPY,43.63636363636368,6.586666666666667,187805.62666666668,4352812,0.043145816237105276
1684260000,6.595,6.57,6.6,6.545,ok,31694,AMPY,42.4778761061947,6.571666666666666,208282.40333333332,4384506,0.04750418937351969
1684263600,6.56,6.56,6.575,6.54,ok,68970,AMPY,35.57692307692308,6.558333333333334,452328.25,4453476,0.10156746101247655
1684267200,6.56,6.56,6.56,6.56,ok,2078,AMPY,27.956989247311892,6.56,13631.679999999998,4455554,0.0030594803698933957
1684314000,6.54,6.54,6.54,6.54,ok,454,AMPY,26.041666666666785,6.54,2969.16,4456008,0.0006663273495020655
1684317600,6.53,6.53,6.53,6.53,ok,837,AMPY,20.65217391304357,6.53,5465.610000000001,4456845,0.001226340606415525
1684321200,6.56,6.56,6.56,6.56,ok,1030,AMPY,18.88888888888887,6.56,6756.799999999999,4457875,0.0015156997448335808
1684324800,6.56,6.56,6.56,6.56,ok,90,AMPY,22.972972972972958,6.56,590.4,4457965,0.00013243710975747902
1684328400,6.55,6.65,6.68,6.55,ok,45972,AMPY,40.69767441860468,6.626666666666668,304641.12000000005,4503937,0.06763885018817982
1684332000,6.64,6.62,6.69,6.58,ok,26409,AMPY,39.77272727272732,6.63,175091.66999999998,4530346,0.038648630810979995
1684335600,6.62,6.725,6.75,6.61,ok,20467,AMPY,54.36893203883493,6.695,137026.565,4550813,0.030110348414667885
1684339200,6.735,6.77,6.78,6.72,ok,36185,AMPY,70.65217391304338,6.756666666666667,244489.98333333334,4586998,0.05330065182791301
1684342800,6.7678,6.78,6.805,6.75,ok,42382,AMPY,70.96774193548383,6.778333333333333,287279.3233333333,4629380,0.06205567988225925
1684346400,6.78,6.77,6.78,6.735,ok,49995,AMPY,73.33333333333323,6.761666666666667,338049.525,4679375,0.07224245225056766
1684350000,6.78,6.77,6.8,6.74,ok,108478,AMPY,69.99999999999984,6.77,734396.0599999999,4787853,0.1533873450166494
