t,o,c,h,l,s,v,Ticker,RSI,TP,Cumulative TP,Cumulative Volume,VWAP
1675641600,6.39,5.15,7.25,4.51,ok,428286.0,AWIN,,5.636666666666667,2414105.42,428286.0,5.636666666666667
1675728000,4.64,2.56,4.64,2.11,ok,1465866.0,AWIN,,3.1033333333333335,4549070.82,1894152.0,2.4016397944832306
1675814400,2.78,2.43,3.1,2.18,ok,3070643.0,AWIN,,2.5700000000000003,7891552.510000001,4964795.0,1.5895021868979486
1675900800,2.34,2.29,2.6599,2.12,ok,686739.0,AWIN,,2.3566333333333334,1618392.0187000001,5651534.0,0.2863633163491541
1675987200,2.12,2.36,2.6,2.0101,ok,613546.0,AWIN,,2.323366666666667,1425492.3248666667,6265080.0,0.2275297881059247
1676246400,2.36,2.09,2.4589,1.91,ok,279000.0,AWIN,,2.1529666666666665,600677.7,6544080.0,0.09178947995745773
1676332800,2.05,1.91,2.05,1.8309,ok,244109.0,AWIN,,1.9303,471203.6027,6788189.0,0.06941521556043888
1676419200,1.96,1.88,2.08,1.84,ok,142717.0,AWIN,,1.9333333333333333,275919.5333333333,6930906.0,0.03981002387470459
1676505600,1.95,1.89,1.965,1.81,ok,94289.0,AWIN,,1.8883333333333334,178049.06166666668,7025195.0,0.025344358650068316
1676592000,1.88,1.9,2.16,1.77,ok,612263.0,AWIN,,1.9433333333333334,1189831.0966666667,7637458.0,0.15578888900818397
1676937600,1.85,1.6,1.86,1.55,ok,355456.0,AWIN,,1.67,593611.52,7992914.0,0.07426722219205661
1677024000,1.64,1.54,1.73,1.475,ok,224625.0,AWIN,,1.5816666666666668,355281.875,8217539.0,0.043234583371006816
1677110400,1.5,1.52,1.85,1.42,ok,636301.0,AWIN,,1.5966666666666667,1015960.5966666667,8853840.0,0.11474801856219072
1677196800,1.55,1.68,1.83,1.55,ok,1235087.0,AWIN,6.297229219143574,1.6866666666666665,2083180.0733333332,10088927.0,0.2064818263957439
1677456000,2.01,1.72,2.92,1.72,ok,75933390.0,AWIN,7.231920199501246,2.1199999999999997,160978786.79999998,86022317.0,1.8713607400274976
1677542400,1.48,1.47,1.7,1.45,ok,2867187.0,AWIN,17.36526946107783,1.54,4415467.98,88889504.0,0.049673671033196455
1677628800,1.48,1.28,1.52,1.16,ok,1518450.0,AWIN,16.763005780346816,1.32,2004354.0,90407954.0,0.02217010684701481
1677715200,1.27,1.12,1.27,1.04,ok,1417505.0,AWIN,16.57142857142857,1.1433333333333333,1620680.7166666666,91825459.0,0.01764957925956751
1677801600,1.12,1.2,1.23,1.12,ok,655822.0,AWIN,17.045454545454547,1.1833333333333333,776056.0333333333,92481281.0,0.008391493121006113
1678060800,1.17,1.06,1.17,0.99,ok,1063716.0,AWIN,18.40490797546012,1.0733333333333335,1141721.84,93544997.0,0.012205055070983647
1678147200,1.11,0.9973,1.11,0.9899,ok,640626.0,AWIN,19.832088318899977,1.0324,661382.2824,94185623.0,0.007022115067391974
1678233600,1.03,0.917,1.03,0.91,ok,509865.0,AWIN,19.193857965451045,0.9523333333333334,485561.435,94695488.0,0.00512760898386204
1678320000,0.94,0.9799,0.99,0.91,ok,592500.0,AWIN,21.83922272417847,0.9599666666666667,568780.25,95287988.0,0.005969065586734815
1678406400,0.98,0.98,0.9996,0.93,ok,458500.0,AWIN,21.3574097135741,0.9698666666666668,444683.8666666667,95746488.0,0.004644388279460096
1678665600,0.9682,0.8385,0.9682,0.79,ok,613327.0,AWIN,23.696027633851457,0.8655666666666667,530875.4069666667,96359815.0,0.005509302886962441
1678752000,0.8644,0.87,0.989,0.8402,ok,329815.0,AWIN,26.39182522903451,0.8997333333333333,296745.5493333333,96689630.0,0.003069052486118039
1678838400,0.8832,0.86,0.8999,0.84,ok,122038.0,AWIN,26.579134137686296,0.8666333333333333,105762.19873333332,96811668.0,0.0010924530164415028
1678924800,0.88,0.850001,0.88,0.8455,ok,219225.0,AWIN,17.0373447476924,0.8585003333333333,188204.735575,97030893.0,0.0019396372614544524
1679011200,0.8847,0.87,0.8999,0.85,ok,107228.0,AWIN,15.698088293927825,0.8733,93642.21239999999,97138121.0,0.0009640109509633194
1679270400,0.875,0.82,0.875,0.82,ok,187480.0,AWIN,18.719862790881194,0.8383333333333333,157170.7333333333,97325601.0,0.0016148960984410804
1679356800,0.825,0.82,0.8425,0.78,ok,128259.0,AWIN,22.90924124674025,0.8141666666666666,104424.20249999998,97453860.0,0.0010715245399207378
1679443200,0.829,0.82,0.829,0.7811,ok,75340.0,AWIN,28.229254656762407,0.8100333333333333,61027.91133333333,97529200.0,0.0006257398946503543
1679529600,0.79,0.84,0.9797,0.79,ok,849827.0,AWIN,21.38305686186601,0.8699,739264.5073,98379027.0,0.007514452316142546
1679616000,0.86,0.83,0.9,0.8,ok,185735.0,AWIN,26.95381544615408,0.8433333333333334,156636.51666666666,98564762.0,0.0015891735899150922
1679875200,0.83,0.815,0.83,0.8,ok,66733.0,AWIN,29.80270242722102,0.815,54387.395,98631495.0,0.0005514201624947487
1679961600,0.8228,0.815,0.88021,0.801,ok,198792.0,AWIN,36.25329516601167,0.83207,165408.85944,98830287.0,0.0016736656794288172
1680048000,0.8639,0.81,0.8639,0.801,ok,184196.0,AWIN,22.86791994838677,0.8249666666666666,151955.56013333332,99014483.0,0.0015346801349589768
1680134400,0.83,0.862,0.9,0.8201,ok,351202.0,AWIN,33.8355278659061,0.8607,302279.5614,99365685.0,0.0030420920602519876
1680220800,0.87,0.94,0.9499,0.87,ok,225444.0,AWIN,66.83261580507997,0.9199666666666667,207400.9652,99591129.0,0.0020825244907104125
1680480000,0.989,0.9677,1.05,0.96,ok,249887.0,AWIN,66.4092469549678,0.9925666666666665,248029.50663333328,99841016.0,0.00248424461779649
1680566400,1.01,0.97,1.02,0.97,ok,127081.0,AWIN,68.965648038952,0.9866666666666667,125386.58666666667,99968097.0,0.001254266015153481
1680652800,1.0,0.92,1.0,0.92,ok,147028.0,AWIN,60.60594123012496,0.9466666666666667,139186.50666666665,100115125.0,0.0013902645246326832
1680739200,0.92,0.87,0.92,0.8561,ok,60233.0,AWIN,50.0,0.8820333333333333,53127.51376666666,100175358.0,0.0005303451350447549
1681084800,0.88,0.9,0.976279,0.88,ok,85656.0,AWIN,61.76470588235296,0.9187596666666668,78697.27800800001,100261014.0,0.0007849240185023464
1681171200,0.95,0.911,0.95,0.9,ok,40001.0,AWIN,62.96296296296298,0.9203333333333333,36814.253666666664,100301015.0,0.0003670376981396117
1681257600,0.94,0.9369,0.9499,0.9002,ok,103248.0,AWIN,65.50809233218361,0.9289999999999999,95917.39199999999,100404263.0,0.0009553119472626376
1681344000,0.95,0.910101,0.95,0.9,ok,97764.0,AWIN,59.13489480035134,0.9200336666666667,89946.171388,100502027.0,0.0008949687292177699
1681430400,0.95,0.9174,0.95,0.905,ok,99802.0,AWIN,61.46987648229126,0.9241333333333334,92230.35493333334,100601829.0,0.0009167860649266459
1681689600,0.935,0.94,0.95,0.925101,ok,75335.0,AWIN,66.08345899875965,0.938367,70691.877945,100677164.0,0.0007021639777715629
1681776000,0.9415,1.0,1.0599,0.9366,ok,482488.0,AWIN,70.61979768077435,0.9988333333333334,481925.09733333334,101159652.0,0.004764005092992346
1681862400,0.98,0.9315,0.9854,0.93,ok,129766.0,AWIN,61.86296372959863,0.9489666666666666,123143.60846666666,101289418.0,0.0012157598582180288
1681948800,0.9301,0.9,0.95,0.9,ok,100865.0,AWIN,53.86494656202833,0.9166666666666666,92459.58333333333,101390283.0,0.0009119175979944087
1682035200,0.91,0.9398,0.94,0.901,ok,100173.0,AWIN,49.9779443226481,0.9269333333333334,92853.6928,101490456.0,0.000914900735099663
1682294400,0.94,0.8901,0.9699,0.89,ok,321299.0,AWIN,41.83841749439416,0.9166666666666666,294524.0833333333,101811755.0,0.0028928298439932923
1682380800,0.89,0.85,0.91,0.8311,ok,122277.0,AWIN,38.30860603509756,0.8637,105610.6449,101934032.0,0.001036068551668789
1682467200,0.8432,0.8653,0.895,0.8432,ok,75244.0,AWIN,44.284197635099815,0.8678333333333333,65299.25133333333,102009276.0,0.0006401305243391134
1682553600,0.8778,0.8169,0.88,0.79,ok,178826.0,AWIN,44.432771787677865,0.8289666666666666,148240.79313333333,102188102.0,0.0014506658821526338
1682640000,0.8,0.73,0.8,0.706,ok,269002.0,AWIN,34.076373459623284,0.7453333333333333,200496.15733333334,102457104.0,0.0019568790206419785
1682899200,0.75,0.725,0.77,0.7,ok,217070.0,AWIN,32.379622507095505,0.7316666666666666,158822.8833333333,102674174.0,0.0015468630245161095
1682985600,0.73,0.651,0.73,0.65,ok,174446.0,AWIN,25.177896085765184,0.6769999999999999,118099.942,102848620.0,0.0011482890290603802
1683072000,0.6673,0.69,0.75,0.666219,ok,162310.0,AWIN,31.287079216254384,0.702073,113953.46862999999,103010930.0,0.0011062269666917868
1683158400,0.7,0.6701,0.7299,0.67,ok,94523.0,AWIN,29.415681704677866,0.6900000000000001,65220.87,103105453.0,0.0006325647005304366
1683244800,0.71,0.69,0.71,0.6511,ok,53512.0,AWIN,29.09698996655517,0.6837,36586.1544,103158965.0,0.0003546580212393562
1683504000,0.7,0.703,0.76,0.695,ok,21528.0,AWIN,23.049001814882004,0.7193333333333333,15485.807999999999,103180493.0,0.00015008464826776898
1683590400,0.71,0.67,0.71,0.67,ok,87456.0,AWIN,24.636275460717727,0.6833333333333332,59761.59999999999,103267949.0,0.0005787042405577358
