t,o,c,h,l,s,v,Ticker,RSI,TP,Cumulative TP,Cumulative Volume,VWAP
1673308800,3.13,3.25,3.25,3.07,ok,37665.0,CCLD,,3.19,120151.34999999999,37665.0,3.19
1673395200,3.24,3.17,3.25,3.14,ok,25776.0,CCLD,,3.186666666666667,82139.52,63441.0,1.2947387336265193
1673481600,3.15,3.32,3.32,3.0081,ok,60339.0,CCLD,,3.2160333333333333,194052.2353,123780.0,1.5677188180643076
1673568000,3.24,3.42,3.5,3.2067,ok,21072.0,CCLD,,3.3755666666666664,71129.9408,144852.0,0.4910525280976445
1673913600,3.42,3.72,3.72,3.352,ok,49774.0,CCLD,,3.5973333333333333,179053.66933333332,194626.0,0.9199884359403847
1674000000,3.75,3.76,3.8899,3.6701,ok,35339.0,CCLD,,3.7733333333333334,133345.82666666666,229965.0,0.5798527022228019
1674086400,3.66,3.55,3.71,3.53,ok,13280.0,CCLD,,3.5966666666666662,47763.73333333333,243245.0,0.19636059665495006
1674172800,3.61,3.46,3.6699,3.45,ok,23553.0,CCLD,,3.5266333333333333,83062.7949,266798.0,0.3113321497912278
1674432000,3.51,3.66,3.794,3.51,ok,27483.0,CCLD,,3.654666666666667,100441.20400000001,294281.0,0.341310529731787
1674518400,3.65,3.73,3.73,3.62,ok,12669.0,CCLD,,3.6933333333333334,46790.840000000004,306950.0,0.15243798664277572
1674604800,3.74,3.71,3.78,3.69,ok,27421.0,CCLD,,3.7266666666666666,102188.92666666667,334371.0,0.3056153992620971
1674691200,3.71,3.66,3.71,3.58,ok,15241.0,CCLD,,3.65,55629.65,349612.0,0.15911825108977953
1674777600,3.6,3.61,3.73,3.5603,ok,10830.0,CCLD,,3.633433333333333,39350.083,360442.0,0.10917174746561166
1675036800,3.6,3.58,3.62,3.5338,ok,12751.0,CCLD,61.8705035971223,3.5779333333333336,45622.227933333335,373193.0,0.12224834853101033
1675123200,3.6,3.6,3.71,3.6,ok,16654.0,CCLD,62.411347517730505,3.6366666666666667,60565.04666666667,389847.0,0.15535593878282164
1675209600,3.45,3.52,3.58,3.45,ok,21995.0,CCLD,62.411347517730505,3.516666666666667,77349.08333333334,411842.0,0.18781251871672472
1675296000,3.71,3.65,3.7906,3.4401,ok,25372.0,CCLD,61.8705035971223,3.6269000000000005,92021.70680000001,437214.0,0.21047291898246628
1675382400,3.63,3.48,3.67,3.45,ok,13545.0,CCLD,52.05479452054795,3.533333333333333,47859.0,450759.0,0.10617425276034421
1675641600,3.42,3.37,3.5799,3.35,ok,21467.0,CCLD,36.22047244094487,3.4333000000000005,73702.6511,472226.0,0.15607495372978195
1675728000,3.37,3.42,3.49,3.3,ok,24149.0,CCLD,36.71875,3.4033333333333338,82187.09666666668,496375.0,0.16557460925039874
1675814400,3.42,3.64,3.64,3.34,ok,32905.0,CCLD,53.48837209302327,3.5400000000000005,116483.70000000001,529280.0,0.22007954201934707
1675900800,3.81,4.28,4.4005,3.75,ok,190469.0,CCLD,72.28260869565219,4.1435,789208.3015000001,719749.0,1.096504894761924
1675987200,4.28,4.09,4.4381,4.0,ok,84343.0,CCLD,61.748633879781416,4.176033333333334,352219.17943333334,804092.0,0.43803343328043726
1676246400,4.51,3.97,4.51,3.97,ok,36567.0,CCLD,56.38297872340426,4.15,151753.05000000002,840659.0,0.18051677315058784
1676332800,4.02,4.085,4.3299,3.9801,ok,43592.0,CCLD,59.49367088607595,4.131666666666667,180107.61333333334,884251.0,0.2036838107430281
1676419200,4.14,4.08,4.25,4.08,ok,48187.0,CCLD,60.880829015544045,4.136666666666667,199333.55666666667,932438.0,0.21377674083066828
1676505600,4.12,4.04,4.1414,4.03,ok,12549.0,CCLD,61.19791666666668,4.070466666666667,51080.28620000001,944987.0,0.05405395650945464
1676592000,4.125,4.11,4.2999,4.11,ok,32587.0,CCLD,63.52040816326531,4.1733,135995.3271,977574.0,0.13911512284492017
1676937600,4.14,4.09,4.3,4.0001,ok,26678.0,CCLD,62.49999999999999,4.1300333333333334,110181.02926666666,1004252.0,0.1097145231143843
1677024000,4.2628,4.135,4.2628,4.03,ok,13238.0,CCLD,65.97402597402596,4.1426,54839.7388,1017490.0,0.05389707889021022
1677110400,4.05,4.07,4.11,4.0,ok,27139.0,CCLD,61.29032258064517,4.06,110184.34,1044629.0,0.10547700666935342
1677196800,4.08,4.02,4.13,4.01,ok,11409.0,CCLD,65.51724137931032,4.053333333333334,46244.48,1056038.0,0.043790545415979355
1677456000,4.0,3.885,4.0001,3.7813,ok,30948.0,CCLD,64.58923512747873,3.8888,120350.5824,1086986.0,0.11071953309426248
1677542400,3.88,3.77,3.88,3.6001,ok,36970.0,CCLD,59.56284153005464,3.750033333333333,138638.73233333332,1123956.0,0.12334889651670823
1677628800,3.66,3.6,3.7948,3.6,ok,31292.0,CCLD,48.87640449438202,3.6649333333333334,114683.09386666666,1155248.0,0.09927140654358775
1677715200,3.53,3.5,3.61,3.5,ok,26725.0,CCLD,18.548387096774192,3.5366666666666666,94517.41666666667,1181973.0,0.07996580012120977
1677801600,3.5,3.475,3.6263,3.45,ok,18958.0,CCLD,21.395348837209312,3.5170999999999997,66677.18179999999,1200931.0,0.05552124293568905
1678060800,3.5,3.58,3.702,3.486,ok,18816.0,CCLD,31.603773584905653,3.5893333333333337,67536.89600000001,1219747.0,0.055369593858398514
1678147200,3.51,3.59,3.8,3.502,ok,48288.0,CCLD,24.083769633507856,3.6306666666666665,175317.63199999998,1268035.0,0.1382593004136321
1678233600,3.58,3.59,3.73,3.5,ok,22523.0,CCLD,24.210526315789465,3.606666666666667,81232.95333333334,1290558.0,0.06294405469055504
1678320000,3.76,3.38,3.76,3.38,ok,27120.0,CCLD,20.53571428571428,3.5066666666666664,95100.79999999999,1317678.0,0.07217301950855974
1678406400,3.4,3.04,3.47,3.01,ok,22669.0,CCLD,11.51079136690646,3.1733333333333333,71936.29333333333,1340347.0,0.05366990289330549
1678665600,3.06,3.12,3.24,3.0,ok,44145.0,CCLD,16.551724137931018,3.1199999999999997,137732.4,1384492.0,0.09948226497516778
1678752000,3.2589,3.22,3.37,3.15,ok,21808.0,CCLD,19.60132890365448,3.2466666666666666,70803.30666666667,1406300.0,0.05034722795041362
1678838400,3.22,3.03,3.36,3.03,ok,19218.0,CCLD,18.098159509202446,3.14,60344.520000000004,1425518.0,0.042331643655148514
1678924800,3.0466,3.22,3.29,3.0,ok,17279.0,CCLD,27.40112994350285,3.17,54774.43,1442797.0,0.03796405869987254
1679011200,3.17,3.21,3.33,3.09,ok,31438.0,CCLD,29.483282674772056,3.2099999999999995,100915.97999999998,1474235.0,0.06845311636204539
1679270400,3.26,3.08,3.38,3.0484,ok,18405.0,CCLD,29.21686746987953,3.1694666666666667,58334.034,1492640.0,0.03908111399935684
1679356800,3.18,3.29,3.34,3.08,ok,19595.0,CCLD,40.882352941176464,3.236666666666667,63422.48333333334,1512235.0,0.04193956847535822
1679443200,3.25,3.2,3.3767,3.1608,ok,13600.0,CCLD,41.12426035502959,3.2458333333333336,44143.333333333336,1525835.0,0.028930607394202737
1679529600,3.32,3.21,3.3681,3.16,ok,20429.0,CCLD,42.08955223880597,3.246033333333333,66313.21496666667,1546264.0,0.04288608864118072
1679616000,3.17,3.22,3.24,3.0001,ok,14477.0,CCLD,38.60759493670887,3.153366666666667,45651.28923333334,1560741.0,0.029249753311621426
1679875200,3.18,3.25,3.25,3.0535,ok,15859.0,CCLD,39.375000000000014,3.1845,50502.985499999995,1576600.0,0.03203284631485475
1679961600,3.25,3.23,3.28,3.1,ok,12950.0,CCLD,38.8888888888889,3.203333333333333,41483.166666666664,1589550.0,0.026097427993247563
1680048000,3.17,3.22,3.3199,3.14,ok,26959.0,CCLD,44.3661971830986,3.2266333333333335,86986.80803333333,1616509.0,0.05381152102050365
1680134400,3.28,3.36,3.36,3.2601,ok,15843.0,CCLD,63.11475409836065,3.3267,52704.9081,1632352.0,0.032287710064985986
1680220800,3.36,3.35,3.4,3.23,ok,23559.0,CCLD,60.0,3.3266666666666667,78372.94,1655911.0,0.04732919824797347
1680480000,3.38,3.35,3.39,3.19,ok,21066.0,CCLD,56.19047619047619,3.31,69728.46,1676977.0,0.04157985470283731
1680566400,3.4,3.26,3.4,3.22,ok,10025.0,CCLD,62.10526315789474,3.293333333333333,33015.666666666664,1687002.0,0.01957061501211419
1680652800,3.27,3.19,3.27,3.1,ok,20464.0,CCLD,48.19277108433734,3.186666666666667,65211.94666666667,1707466.0,0.03819223730760476
1680739200,3.2304,3.33,3.34,3.13,ok,9278.0,CCLD,56.250000000000014,3.266666666666667,30308.13333333334,1716744.0,0.01765442799470005
1681084800,3.37,3.29,3.37,3.1612,ok,6995.0,CCLD,62.06896551724138,3.273733333333334,22899.76466666667,1723739.0,0.013284937375476607
1681171200,3.21,3.3,3.37,3.16,ok,8075.0,CCLD,50.7462686567164,3.276666666666667,26459.083333333336,1731814.0,0.01527824774100067
1681257600,3.4,3.34,3.4,3.21,ok,20033.0,CCLD,61.29032258064515,3.3166666666666664,66442.78333333333,1751847.0,0.03792727523198848
1681344000,3.4,3.505,3.589,3.4,ok,49504.0,CCLD,69.03225806451613,3.4979999999999998,173164.992,1801351.0,0.09613062196096152
1681430400,3.78,3.63,3.805,3.6,ok,33789.0,CCLD,73.03370786516854,3.6783333333333332,124287.205,1835140.0,0.0677262797388755
1681689600,3.77,3.63,3.7924,3.6101,ok,34828.0,CCLD,72.09302325581396,3.6774999999999998,128079.96999999999,1869968.0,0.06849313464187622
1681776000,3.59,3.58,3.71,3.46,ok,18533.0,CCLD,69.66292134831463,3.5833333333333335,66409.91666666667,1888501.0,0.03516541249735461
1681862400,3.55,3.56,3.57,3.4631,ok,14139.0,CCLD,68.88888888888889,3.5310333333333332,49925.2803,1902640.0,0.026240003521422865
1681948800,3.5,3.44,3.56,3.401,ok,20324.0,CCLD,54.54545454545455,3.467,70463.308,1922964.0,0.036643071841178515
1682035200,3.45,3.4,3.4701,3.37,ok,13747.0,CCLD,52.747252747252745,3.4133666666666667,46923.55156666667,1936711.0,0.02422847371996476
1682294400,3.32,3.3,3.45,3.3,ok,9182.0,CCLD,47.52475247524752,3.35,30759.7,1945893.0,0.01580749815123442
1682380800,3.2,3.26,3.3299,3.12,ok,14094.0,CCLD,50.0,3.2366333333333333,45617.110199999996,1959987.0,0.023274190185955314
1682467200,3.29,3.25,3.29,3.2,ok,13494.0,CCLD,53.33333333333334,3.2466666666666666,43810.52,1973481.0,0.022199615805776694
1682553600,3.32,3.31,3.41,3.285,ok,10414.0,CCLD,48.78048780487804,3.3350000000000004,34730.69,1983895.0,0.017506314598302836
1682640000,3.36,3.27,3.36,3.27,ok,13600.0,CCLD,48.78048780487804,3.3000000000000003,44880.0,1997495.0,0.022468141347037163
1682899200,3.29,3.27,3.4277,3.27,ok,10974.0,CCLD,48.14814814814815,3.322566666666667,36461.846600000004,2008469.0,0.01815404997537926
1682985600,3.26,3.18,3.27,3.17,ok,16467.0,CCLD,40.69767441860467,3.2066666666666666,52804.18,2024936.0,0.026076962432392926
1683072000,3.24,3.08,3.24,3.07,ok,17698.0,CCLD,23.27044025157234,3.1300000000000003,55394.740000000005,2042634.0,0.027119268552271238
1683158400,3.1,2.96,3.25,2.95,ok,40036.0,CCLD,7.5949367088607715,3.0533333333333332,122243.25333333333,2082670.0,0.05869545023135366
1683244800,3.09,3.18,3.2,3.05,ok,23907.0,CCLD,27.722772277227733,3.143333333333333,75147.67,2106577.0,0.035672880696979034
1683504000,3.32,3.01,3.32,2.91,ok,33018.0,CCLD,24.77876106194691,3.08,101695.44,2139595.0,0.04753022885172194
1683590400,2.98,3.0,3.0699,2.9046,ok,33732.0,CCLD,25.00000000000001,2.9915,100909.27799999999,2173327.0,0.04643078469093698
