t,o,c,h,l,s,v,Ticker,RSI,TP,Cumulative TP,Cumulative Volume,VWAP
1673308800,3.25,3.4,3.69,2.9,ok,91407.0,GDC,,3.33,304385.31,91407.0,3.33
1673395200,3.74,3.34,3.74,3.24,ok,28401.0,GDC,,3.44,97699.44,119808.0,0.8154667467948719
1673481600,3.3,3.72,4.37,3.2,ok,206902.0,GDC,,3.7633333333333336,778641.1933333334,326710.0,2.3832793404956485
1673568000,3.98,3.94,4.45,3.5,ok,87461.0,GDC,,3.9633333333333334,346637.0966666667,414171.0,0.8369419796815003
1673913600,4.0559,4.23,4.69,3.8553,ok,115504.0,GDC,,4.2584333333333335,491866.08373333333,529675.0,0.9286186505561587
1674000000,4.14,4.0,4.43,3.76,ok,64578.0,GDC,,4.0633333333333335,262401.94,594253.0,0.44156603332250743
1674086400,3.81,3.34,3.9899,3.2001,ok,72961.0,GDC,,3.51,256093.11,667214.0,0.38382454504851515
1674172800,3.4242,3.62,3.71,3.4,ok,10890.0,GDC,,3.5766666666666667,38949.9,678104.0,0.057439419322109886
1674432000,3.65,3.89,4.2399,3.65,ok,15875.0,GDC,,3.926633333333333,62335.30416666666,693979.0,0.08982304099499648
1674518400,4.15,3.98,4.15,3.63,ok,12632.0,GDC,,3.92,49517.44,706611.0,0.07007736930220447
1674604800,4.04,3.82,4.04,3.8027,ok,1268.0,GDC,,3.887566666666667,4929.434533333334,707879.0,0.006963668272873378
1674691200,3.87,3.66,3.87,3.66,ok,1977.0,GDC,,3.7300000000000004,7374.210000000001,709856.0,0.01038831819411261
1674777600,3.6957,3.7463,3.9,3.69,ok,6202.0,GDC,,3.7787666666666664,23435.910866666665,716058.0,0.03272906785018346
1675036800,3.68,3.71,3.8,3.68,ok,1789.0,GDC,55.30349688633409,3.7300000000000004,6672.970000000001,717847.0,0.0092958109457865
1675123200,3.74,3.8101,4.37,3.74,ok,12429.0,GDC,56.78367022860356,3.9733666666666667,49384.9743,730276.0,0.06762508188684827
1675209600,3.7767,4.17,4.33,3.7767,ok,47986.0,GDC,62.49021850358153,4.092233333333334,196369.90873333334,778262.0,0.2523185106472285
1675296000,4.16,4.4072,4.4299,4.09,ok,25894.0,GDC,60.80571105100948,4.309033333333333,111578.10913333332,804156.0,0.13875182070808814
1675382400,4.43,4.38,4.6199,4.17,ok,18431.0,GDC,57.36524941412789,4.389966666666666,80911.47563333332,822587.0,0.09836221048148502
1675641600,6.02,5.31,6.1,4.3,ok,1911791.0,GDC,64.88833746898263,5.2366666666666655,10011412.203333331,2734378.0,3.661312445950535
1675728000,4.91,5.52,5.95,4.5,ok,300310.0,GDC,71.07014139173829,5.323333333333333,1598650.2333333334,3034688.0,0.526792287488313
1675814400,5.3272,5.0,5.79,4.91,ok,183892.0,GDC,73.9400057686761,5.233333333333333,962368.1333333333,3218580.0,0.2990039499820832
1675900800,5.0,4.85,5.29,4.73,ok,46326.0,GDC,68.42972729997004,4.956666666666666,229622.53999999998,3264906.0,0.07033052100121719
1675987200,4.8,3.85,5.1202,3.77,ok,47508.0,GDC,49.508237029751655,4.246733333333333,201753.8072,3312414.0,0.06090839104049192
1676246400,3.8501,3.91,3.98,3.83,ok,8868.0,GDC,49.13301956898687,3.9066666666666667,34644.32,3321282.0,0.010431008267289559
1676332800,3.92,3.95,4.1405,3.83,ok,38292.0,GDC,51.65943323972429,3.9735,152153.262,3359574.0,0.04528945098396404
1676419200,3.97,3.95,3.97,3.8,ok,3074.0,GDC,53.85946233697099,3.9066666666666663,12009.093333333332,3362648.0,0.0035713203800496907
1676505600,3.7861,4.05,4.05,3.7861,ok,2168.0,GDC,54.02710372079454,3.962033333333333,8589.688266666666,3364816.0,0.0025527958339079063
1676592000,3.88,3.91,3.95,3.79,ok,10076.0,GDC,52.58104480693786,3.8833333333333333,39128.46666666667,3374892.0,0.011593990760790766
1676937600,3.9,3.8109,3.9,3.79,ok,1998.0,GDC,50.01032684463263,3.8336333333333332,7659.5994,3376890.0,0.002268240718530956
1677024000,3.82,3.8,3.82,3.6801,ok,2414.0,GDC,44.750879582340254,3.7667,9092.8138,3379304.0,0.0026907356662792103
1677110400,3.78,3.695,3.78,3.695,ok,1803.0,GDC,39.502387830906194,3.723333333333333,6713.17,3381107.0,0.0019854946915315013
1677196800,3.7,3.6,3.73,3.3625,ok,8691.0,GDC,38.72832369942196,3.5641666666666665,30976.172499999997,3389798.0,0.00913805852148122
1677456000,3.59,3.56,3.85,3.4,ok,43155.0,GDC,15.95330739299611,3.6033333333333335,155501.85,3432953.0,0.045296818802937296
1677542400,3.4,3.63,3.6567,3.4,ok,726.0,GDC,11.1111111111111,3.562233333333333,2586.1813999999995,3433679.0,0.0007531808884872463
1677628800,3.6294,3.4712,3.6294,3.402,ok,1462.0,GDC,13.051044083526662,3.5008666666666666,5118.267066666666,3435141.0,0.0014899729200829504
1677715200,3.41,3.5,3.5148,3.41,ok,3568.0,GDC,15.3419593345656,3.474933333333334,12398.562133333335,3438709.0,0.0036055863213006203
1677801600,3.68,3.44,3.68,3.4331,ok,18862.0,GDC,29.654624851131373,3.5177,66350.85740000001,3457571.0,0.019190020219396798
1678060800,3.51,3.4,3.6001,3.4,ok,11136.0,GDC,24.17982989064396,3.4667,38605.1712,3468707.0,0.011129556690720778
1678147200,3.4,3.3,3.6,3.3,ok,10937.0,GDC,18.976708667430287,3.4,37185.799999999996,3479644.0,0.010686667946491077
1678320000,2.9072,2.97,2.97,2.76,ok,3141.0,GDC,14.430894308943069,2.9000000000000004,9108.900000000001,3482785.0,0.0026154069229079604
1678406400,2.73,2.78,2.9099,2.6101,ok,4905.0,GDC,6.732079585718168,2.766666666666666,13570.499999999998,3487690.0,0.0038909708144932603
1678665600,2.63,2.6891,2.82,2.6276,ok,2587.0,GDC,6.965103983080695,2.7122333333333333,7016.547633333334,3490277.0,0.0020103125434838935
1678838400,2.73,2.91,3.3,2.52,ok,62201.0,GDC,20.75569694215413,2.91,181004.91,3552478.0,0.050951732846762174
1678924800,2.82,2.68,2.82,2.68,ok,722.0,GDC,18.17096737524157,2.7266666666666666,1968.6533333333332,3553200.0,0.0005540508086607377
1679011200,2.68,2.53,2.68,2.53,ok,750.0,GDC,17.71780093105741,2.58,1935.0,3553950.0,0.000544464609800363
1679270400,2.53,2.63,2.93,2.475,ok,37098.0,GDC,23.1955344313032,2.6783333333333332,99360.81,3591048.0,0.027669028651246097
1679356800,2.8,2.661,3.3,2.5501,ok,18275.0,GDC,25.033325927571653,2.837033333333333,51846.78416666666,3609323.0,0.014364683949501515
1679443200,2.85,2.85,2.85,2.85,ok,687.0,GDC,29.681150359487347,2.85,1957.95,3610010.0,0.0005423669186511949
1679529600,2.68,2.68,2.68,2.68,ok,399.0,GDC,29.50896094478402,2.68,1069.3200000000002,3610409.0,0.00029617697053159356
1679616000,3.2899,2.7376,3.2899,2.69,ok,2352.0,GDC,30.54506481575993,2.9058333333333333,6834.5199999999995,3612761.0,0.0018917719716305616
1679875200,2.96,2.6411,2.99,2.6,ok,6553.0,GDC,29.98647226814971,2.7437,17979.4661,3619314.0,0.004967644724939589
1679961600,2.6101,2.6101,2.6101,2.6101,ok,1141.0,GDC,30.12230107202176,2.6101,2978.1241,3620455.0,0.0008225828245344853
1680048000,2.63,2.63,2.63,2.63,ok,789.0,GDC,32.43129851059366,2.63,2075.0699999999997,3621244.0,0.0005730268382909298
1680220800,2.5356,2.58,2.58,2.5356,ok,464.0,GDC,38.0132776001967,2.5652000000000004,1190.2528000000002,3621708.0,0.0003286440541313657
1680480000,2.765,2.765,2.765,2.765,ok,512.0,GDC,49.53755086940437,2.765,1415.68,3622220.0,0.00039083214161481084
1680566400,2.71,2.62,2.71,2.62,ok,458.0,GDC,47.93842114684648,2.65,1213.7,3622678.0,0.00033502839612021824
1680652800,2.48,2.62,2.6999,2.23,ok,2026.0,GDC,40.03436426116838,2.5166333333333335,5098.6991333333335,3624704.0,0.0014066525524107163
1680739200,2.68,2.73,2.74,2.61,ok,4066.0,GDC,51.87265917602996,2.6933333333333334,10951.093333333334,3628770.0,0.0030178526975623513
1681257600,2.475,2.36,2.48,2.36,ok,1604.0,GDC,44.533762057877816,2.4,3849.6,3630374.0,0.0010603866158142383
1681344000,2.5809,2.64,3.2801,2.3601,ok,19948.0,GDC,50.28818443804035,2.760066666666667,55057.80986666667,3650322.0,0.01508300086038072
1681430400,2.8,2.58,3.0074,2.3761,ok,14690.0,GDC,47.704081632653065,2.6545,38994.605,3665012.0,0.010639693676309929
1681689600,2.62,2.76,2.9799,2.62,ok,3079.0,GDC,47.43589743589743,2.786633333333333,8580.044033333332,3668091.0,0.002339103373753086
1681776000,2.8,2.9185,3.5699,2.62,ok,37419.0,GDC,56.83969027817608,3.0361333333333334,113609.0732,3705510.0,0.03065949712725104
1681862400,2.81,2.76,2.915,2.73,ok,1274.0,GDC,50.607243548037296,2.8016666666666663,3569.323333333333,3706784.0,0.0009629164616371855
1681948800,2.79,2.51,2.79,2.42,ok,5340.0,GDC,46.71905500775814,2.5733333333333333,13741.6,3712124.0,0.0037018159953708446
1682035200,2.51,2.5001,2.58,2.4099,ok,3998.0,GDC,47.21772561715905,2.4966666666666666,9981.673333333332,3716122.0,0.0026860456500979605
1682294400,2.24,2.2301,2.5522,2.23,ok,4635.0,GDC,41.0211504782433,2.3374333333333333,10834.003499999999,3720757.0,0.0029117740019033757
1682380800,2.25,2.31,2.47,2.25,ok,3872.0,GDC,44.01807869549805,2.3433333333333337,9073.386666666669,3724629.0,0.002436051125270911
1682467200,2.57,2.51,2.7999,2.46,ok,2569.0,GDC,44.38771018575578,2.5899666666666668,6653.624366666667,3727198.0,0.0017851545226914875
1682553600,2.21,2.4,2.4,2.21,ok,2607.0,GDC,45.08226037195994,2.3366666666666664,6091.69,3729805.0,0.0016332462420957663
1682640000,2.47,2.5,2.9789,2.32,ok,21367.0,GDC,47.43238616912016,2.5996333333333332,55546.36543333333,3751172.0,0.014807736204400474
1682899200,4.0,31.0,44.0,2.8984,ok,12364205.0,GDC,96.00218701589492,25.966133333333335,321050595.5906667,16115377.0,19.922003412682603
1682985600,16.84,3.4,17.09,3.21,ok,5444654.0,GDC,50.8972199983436,7.8999999999999995,43012766.599999994,21560031.0,1.9950234116082668
1683072000,4.8,5.77,10.64,4.55,ok,20983797.0,GDC,52.60630041900651,6.986666666666667,146606795.04000002,42543828.0,3.4460179521222214
1683158400,7.18,6.88,7.79,5.85,ok,5739278.0,GDC,53.51900590538293,6.84,39256661.519999996,48283106.0,0.8130517021833682
1683244800,6.06,5.8,6.68,5.21,ok,1409106.0,GDC,52.45173944461649,5.896666666666667,8309028.380000001,49692212.0,0.16720987143820445
1683504000,5.92,6.14,7.0,5.8211,ok,1399395.0,GDC,52.59053399658724,6.320366666666668,8844689.511500001,51091607.0,0.1731143338572224
1683590400,5.62,5.03,5.8,4.63,ok,506164.0,GDC,51.79788309166194,5.153333333333333,2608431.8133333335,51597771.0,0.05055318791451928
