t,o,c,h,l,s,v,Ticker,RSI,TP,Cumulative TP,Cumulative Volume,VWAP
1683057600,6.3,6.3,6.3,6.3,ok,9984,ICVX,,6.3,62899.2,9984,6.3
1683118800,6.3,6.44,6.44,6.3,ok,3209,ICVX,,6.3933333333333335,20516.20666666667,13193,1.555082745900604
1683122400,6.42,6.32,6.42,6.32,ok,5923,ICVX,,6.353333333333334,37630.79333333334,19116,1.968549557090047
1683126000,6.3,6.37,6.42,6.3,ok,4944,ICVX,,6.363333333333333,31460.32,24060,1.3075777223607647
1683129600,6.375,6.455,6.455,6.375,ok,710,ICVX,,6.428333333333334,4564.116666666667,24770,0.18425985735432648
1683133200,6.45,6.65,6.65,6.45,ok,2975,ICVX,,6.583333333333333,19585.416666666664,27745,0.7059079714062593
1683136800,6.56,6.6,6.68,6.56,ok,3693,ICVX,,6.613333333333332,24423.039999999997,31438,0.7768636681722755
1683140400,6.53,6.85,6.87,6.46,ok,93280,ICVX,,6.726666666666667,627463.4666666667,124718,5.031057799729523
1683205200,6.92,6.89,6.95,6.75,ok,8238,ICVX,,6.863333333333333,56540.14,132956,0.42525452029242755
1683208800,6.79,6.58,6.79,6.58,ok,5976,ICVX,,6.650000000000001,39740.40000000001,138932,0.2860420925344774
1683212400,6.675,6.61,6.69,6.61,ok,1464,ICVX,,6.636666666666667,9716.08,140396,0.06920482065016097
1683216000,6.725,6.65,6.81,6.65,ok,3107,ICVX,,6.703333333333333,20827.256666666664,143503,0.1451346429459082
1683219600,6.57,6.6,6.615,6.56,ok,3710,ICVX,,6.591666666666666,24455.083333333332,147213,0.16612040603298167
1683223200,6.63,6.47,6.66,6.47,ok,3780,ICVX,55.704697986577166,6.533333333333332,24695.999999999996,150993,0.16355725099839064
1683226800,6.5,6.47,6.54,6.47,ok,12338,ICVX,55.704697986577166,6.493333333333333,80114.74666666666,163331,0.49050545620039465
1683291600,6.52,6.52,6.52,6.52,ok,719,ICVX,52.857142857142826,6.52,4687.88,164050,0.02857592197500762
1683295200,6.58,6.625,6.9,6.54,ok,14704,ICVX,61.01083032490972,6.6883333333333335,98345.25333333334,178754,0.550170923914057
1683298800,6.58,6.54,6.58,6.54,ok,1002,ICVX,55.98591549295774,6.553333333333334,6566.4400000000005,179756,0.03652974031464875
1683302400,6.57,6.555,6.57,6.52,ok,2346,ICVX,53.70370370370369,6.548333333333333,15362.39,182102,0.08436145676598829
1683306000,6.53,6.645,6.68,6.53,ok,2085,ICVX,49.79919678714857,6.618333333333333,13799.225,184187,0.07491964688061589
1683309600,6.67,6.67,6.72,6.63,ok,6465,ICVX,52.8688524590164,6.673333333333333,43143.1,190652,0.22629240710823909
1683313200,6.66,6.74,6.88,6.63,ok,33744,ICVX,44.711538461538495,6.75,227772.0,224396,1.0150448314586713
1683547200,6.99,6.99,6.99,6.99,ok,100,ICVX,54.000000000000014,6.989999999999999,698.9999999999999,224496,0.0031136412230062
1683554400,6.71,6.7,6.805,6.7,ok,4957,ICVX,54.8780487804878,6.734999999999999,33385.395,229453,0.14549992808984846
1683558000,6.77,6.87,6.99,6.77,ok,10722,ICVX,59.48905109489049,6.876666666666666,73731.62,240175,0.30699123555740604
1683561600,6.93,7.0,7.0,6.93,ok,4943,ICVX,61.98630136986299,6.976666666666667,34485.66333333333,245118,0.1406900486024418
1683565200,7.04,7.1,7.16,7.025,ok,17805,ICVX,66.55629139072848,7.095,126326.47499999999,262923,0.48046947205075247
1683568800,7.05,7.0,7.06,7.0,ok,2188,ICVX,67.90540540540542,7.02,15359.759999999998,265111,0.05793709050171437
1683572400,6.95,6.99,7.095,6.95,ok,12637,ICVX,67.44966442953023,7.011666666666667,88606.43166666667,277748,0.3190173526602052
1683637200,6.91,7.02,7.02,6.91,ok,2493,ICVX,67.00680272108845,6.983333333333333,17409.45,280241,0.06212313687147848
1683640800,6.95,7.04,7.04,6.95,ok,2263,ICVX,64.98194945848377,7.010000000000001,15863.630000000001,282504,0.05615364738198397
1683644400,6.99,7.01,7.01,6.84,ok,3507,ICVX,67.66917293233084,6.953333333333333,24385.34,286011,0.08526014733699054
1683648000,6.9,6.89,6.98,6.82,ok,3542,ICVX,61.67247386759582,6.896666666666667,24427.993333333336,289553,0.08436449746102902
1683651600,6.96,6.99,6.99,6.87,ok,800,ICVX,61.9377162629758,6.95,5560.0,290353,0.019149104710473114
1683655200,6.92,7.03,7.03,6.92,ok,732,ICVX,62.32876712328769,6.993333333333333,5119.12,291085,0.017586340759571946
1683658800,7.035,7.21,7.35,7.035,ok,25547,ICVX,64.96815286624204,7.198333333333333,183895.82166666666,316632,0.5807872282860439
1683723600,7.26,7.23,7.26,7.08,ok,3711,ICVX,58.95522388059703,7.19,26682.09,320343,0.08329225236699413
1683727200,7.12,7.06,7.14,7.06,ok,46353,ICVX,64.7540983606557,7.086666666666666,328488.25999999995,366696,0.895805408294609
1683730800,7.0,7.04,7.04,7.0,ok,1383,ICVX,57.943925233644855,7.026666666666666,9717.88,368079,0.026401614870720687
1683738000,7.22,7.14,7.22,7.14,ok,3148,ICVX,56.73076923076922,7.166666666666667,22560.666666666668,371227,0.060773237578803985
1683741600,7.3,7.34,7.35,7.3,ok,5190,ICVX,60.52631578947369,7.329999999999999,38042.7,376417,0.10106530788991995
1683745200,7.48,7.59,8.07,7.48,ok,68777,ICVX,72.86821705426354,7.713333333333334,530499.9266666668,445194,1.1916151760056666
1683752400,7.84,7.84,7.84,7.84,ok,150,ICVX,77.77777777777774,7.84,1176.0,445344,0.0026406553136451823
1683810000,7.55,8.3,8.44,7.55,ok,8581,ICVX,82.65306122448979,8.096666666666666,69477.49666666666,453925,0.15305941877329218
1683813600,8.27,8.27,8.61,8.27,ok,13310,ICVX,81.21827411167507,8.383333333333333,111582.16666666666,467235,0.23881380176285308
1683817200,8.45,7.93,8.5,7.93,ok,19758,ICVX,70.1754385964912,8.12,160434.96,486993,0.3294399714164269
1683820800,7.86,8.14,8.16,7.86,ok,5988,ICVX,76.37130801687762,8.053333333333333,48223.35999999999,492981,0.09781991598053473
1683824400,8.14,8.0,8.14,7.99,ok,9118,ICVX,70.95435684647299,8.043333333333335,73339.11333333334,502099,0.146065045605216
1683828000,7.98,8.17,8.17,7.92,ok,18585,ICVX,72.44094488188972,8.086666666666666,150290.69999999998,520684,0.28864090311974244
1683831600,8.13,8.22,8.58,8.13,ok,40554,ICVX,70.954356846473,8.31,337003.74000000005,561238,0.6004649364440755
1683896400,8.3,8.11,8.3,8.11,ok,4693,ICVX,67.59999999999994,8.173333333333334,38357.45333333334,565931,0.06777761482112367
1683900000,7.895,8.19,8.22,7.895,ok,7736,ICVX,73.44398340248958,8.101666666666667,62674.49333333333,573667,0.1092523943914036
1683903600,8.22,8.24,8.34,8.19,ok,10312,ICVX,74.59016393442617,8.256666666666668,85142.74666666667,583979,0.14579761715175832
1683907200,8.28,8.19,8.28,8.19,ok,5711,ICVX,71.96652719665266,8.219999999999999,46944.41999999999,589690,0.07960864182875747
1683910800,8.0,8.0,8.0,8.0,ok,1916,ICVX,63.86554621848736,8.0,15328.0,591606,0.02590913547191881
1683914400,8.015,8.04,8.16,8.015,ok,5368,ICVX,60.36866359447001,8.071666666666667,43328.70666666667,596974,0.07258055906399051
1683918000,8.02,8.06,8.3,8.0,ok,35177,ICVX,55.6701030927835,8.12,285637.24,632151,0.4518497004671352
1684155600,7.98,7.98,7.98,7.98,ok,312,ICVX,39.74358974358977,7.98,2489.76,632463,0.003936609730529691
1684159200,8.05,8.0,8.11,8.0,ok,2606,ICVX,41.2903225806452,8.036666666666667,20943.553333333333,635069,0.03297839027465257
1684162800,7.99,8.18,8.2,7.99,ok,2583,ICVX,58.99280575539565,8.123333333333333,20982.57,637652,0.032905989473882305
1684166400,8.465,8.56,8.75,8.45,ok,10779,ICVX,63.46153846153842,8.586666666666666,92555.68,648431,0.14273790117992508
1684170000,8.56,8.41,8.64,8.41,ok,3421,ICVX,63.05732484076431,8.486666666666666,29032.886666666665,651852,0.04453907737748241
1684173600,8.48,8.8,8.8,8.4,ok,50275,ICVX,67.59776536312847,8.666666666666668,435716.66666666674,702127,0.6205667445728006
1684177200,8.69,8.79,9.29,8.69,ok,39471,ICVX,66.28571428571419,8.923333333333332,352212.88999999996,741598,0.4749377560349407
1684242000,8.6,8.175,8.6,8.175,ok,5593,ICVX,51.44124168514416,8.316666666666666,46515.11666666667,747191,0.0622533149712278
1684245600,8.2,8.25,8.28,8.05,ok,10302,ICVX,51.333333333333336,8.193333333333333,84407.72,757493,0.1114303630528599
1684252800,8.3,8.25,8.33,8.25,ok,1912,ICVX,50.22727272727271,8.276666666666666,15824.986666666664,759405,0.02083866535862506
1684256400,8.24,8.25,8.25,8.225,ok,1067,ICVX,51.39534883720932,8.241666666666667,8793.858333333334,760472,0.011563684571336398
1684260000,8.25,8.28,8.28,8.25,ok,1963,ICVX,57.03517587939697,8.270000000000001,16234.010000000002,762435,0.021292320001049272
1684263600,8.3,8.24,8.43,8.24,ok,16147,ICVX,55.02512562814073,8.303333333333335,134073.92333333334,778582,0.1722027009786167
1684328400,8.23,8.2,8.23,8.11,ok,936,ICVX,53.48258706467659,8.18,7656.48,779518,0.009822069535276926
1684332000,8.2,8.31,8.31,8.01,ok,7494,ICVX,58.088235294117645,8.21,61525.740000000005,787012,0.0781763683399999
1684335600,8.195,8.12,8.31,8.015,ok,3572,ICVX,52.71493212669681,8.148333333333333,29105.846666666668,790584,0.03681562827816737
1684339200,8.065,8.34,8.38,8.03,ok,4302,ICVX,53.55555555555556,8.25,35491.5,794886,0.04464979883907881
1684342800,8.24,8.38,8.42,8.14,ok,4890,ICVX,45.28795811518327,8.313333333333334,40652.200000000004,799776,0.050829482255031415
1684346400,8.38,8.34,8.38,8.22,ok,4745,ICVX,48.05555555555555,8.313333333333334,39446.76666666667,804521,0.04903136980472439
1684350000,8.32,8.23,8.37,8.23,ok,17854,ICVX,31.25000000000003,8.276666666666667,147771.6066666667,822375,0.17968883619597711
