t,o,c,h,l,s,v,Ticker,RSI,TP,Cumulative TP,Cumulative Volume,VWAP
1683057600,6.08,6.08,6.08,6.08,ok,38501,ACET,,6.080000000000001,234086.08000000005,38501,6.080000000000001
1683118800,6.17,6.27,6.37,6.17,ok,18312,ACET,,6.27,114816.23999999999,56813,2.02095013465228
1683122400,6.29,6.31,6.34,6.26,ok,14016,ACET,,6.303333333333334,88347.52,70829,1.2473354134605883
1683126000,6.33,6.26,6.33,6.25,ok,10460,ACET,,6.28,65688.8,81289,0.8080896554269336
1683129600,6.28,6.27,6.3,6.25,ok,10490,ACET,,6.273333333333333,65807.26666666666,91779,0.7170187806215655
1683133200,6.265,6.37,6.37,6.26,ok,14885,ACET,,6.333333333333333,94271.66666666666,106664,0.8838189704742617
1683136800,6.38,6.46,6.48,6.37,ok,21172,ACET,,6.436666666666667,136277.1066666667,127836,1.066030747728861
1683140400,6.45,6.35,6.49,6.34,ok,36219,ACET,,6.3933333333333335,231560.14,164055,1.4114787114077596
1683205200,6.3,6.45,6.45,6.27,ok,17329,ACET,,6.39,110732.31,181384,0.6104855444802187
1683208800,6.44,6.33,6.44,6.22,ok,32925,ACET,,6.330000000000001,208415.25000000003,214309,0.9724988217946985
1683212400,6.35,6.3,6.37,6.3,ok,8567,ACET,,6.323333333333333,54171.996666666666,222876,0.24305890569943225
1683216000,6.305,6.365,6.365,6.3,ok,10772,ACET,,6.343333333333334,68330.38666666667,233648,0.29245012440366136
1683219600,6.365,6.39,6.415,6.33,ok,8176,ACET,,6.378333333333334,52149.253333333334,241824,0.21564961845529532
1683223200,6.38,6.41,6.44,6.38,ok,16184,ACET,67.36842105263156,6.41,103739.44,258008,0.4020783851663514
1683226800,6.42,6.38,6.425,6.355,ok,39086,ACET,65.30612244897956,6.386666666666667,249629.25333333333,297094,0.8402366030055582
1683291600,6.43,6.555,6.62,6.41,ok,12782,ACET,64.76683937823833,6.528333333333333,83445.15666666666,309876,0.2692856389867775
1683295200,6.54,6.525,6.63,6.52,ok,18775,ACET,61.25654450261783,6.558333333333333,123132.70833333331,328651,0.37466098789698893
1683298800,6.565,6.55,6.59,6.52,ok,13267,ACET,65.59139784946235,6.553333333333334,86943.07333333333,341918,0.25428048050507235
1683302400,6.58,6.49,6.59,6.48,ok,14832,ACET,61.2244897959184,6.5200000000000005,96704.64000000001,356750,0.2710711702873161
1683306000,6.46,6.4,6.46,6.4,ok,3759,ACET,51.54639175257734,6.419999999999999,24132.779999999995,360509,0.06694085307162927
1683309600,6.445,6.42,6.445,6.39,ok,13914,ACET,47.77777777777777,6.418333333333334,89304.69,374423,0.23851283174377644
1683313200,6.415,6.44,6.47,6.405,ok,42973,ACET,55.55555555555561,6.4383333333333335,276674.49833333335,417396,0.662858528431833
1683550800,6.48,6.46,6.54,6.37,ok,9267,ACET,50.68493150684931,6.456666666666667,59833.93,426663,0.14023697859903483
1683554400,6.41,6.51,6.51,6.37,ok,11111,ACET,63.63636363636365,6.463333333333334,71814.09666666668,437774,0.16404376839800144
1683558000,6.59,6.6,6.6,6.5,ok,13300,ACET,70.83333333333339,6.566666666666666,87336.66666666666,451074,0.19361937656940248
1683561600,6.61,6.62,6.65,6.57,ok,10215,ACET,68.88888888888894,6.613333333333333,67555.2,461289,0.14644875555237605
1683565200,6.6,6.59,6.63,6.59,ok,11708,ACET,64.70588235294122,6.603333333333333,77311.82666666666,472997,0.16345098735650895
1683568800,6.59,6.58,6.59,6.55,ok,17017,ACET,62.68656716417914,6.573333333333333,111858.41333333333,490014,0.22827595402036133
1683572400,6.575,6.66,6.66,6.575,ok,41235,ACET,69.44444444444451,6.631666666666667,273456.775,531249,0.5147431336341339
1683637200,6.58,6.57,6.725,6.57,ok,8036,ACET,51.181102362204776,6.621666666666667,53211.71333333333,539285,0.09867085740069413
1683640800,6.54,6.535,6.57,6.45,ok,25301,ACET,50.78124999999999,6.5183333333333335,164920.35166666668,564586,0.2921084682699654
1683644400,6.54,6.56,6.56,6.49,ok,13502,ACET,50.78124999999999,6.536666666666666,88258.07333333333,578088,0.15267238436593275
1683648000,6.6,6.62,6.62,6.55,ok,10874,ACET,60.15625,6.596666666666667,71732.15333333334,588962,0.12179419611678399
1683651600,6.61,6.68,6.7,6.605,ok,13228,ACET,72.95081967213112,6.661666666666666,88120.52666666666,602190,0.1463334274343092
1683655200,6.69,6.68,6.73,6.66,ok,13018,ACET,72.03389830508473,6.69,87090.42,615208,0.1415625609549941
1683658800,6.67,6.73,6.79,6.66,ok,86764,ACET,73.38709677419355,6.726666666666667,583632.5066666667,701972,0.8314184991234219
1683723600,6.96,7.25,7.34,6.85,ok,41299,ACET,85.26785714285714,7.146666666666666,295150.18666666665,743271,0.39709633049946336
1683727200,7.27,7.3,7.5,7.19,ok,78329,ACET,85.26785714285714,7.330000000000001,574151.5700000001,821600,0.6988212877312562
1683730800,7.28,7.09,7.35,7.09,ok,30130,ACET,69.75806451612904,7.176666666666667,216232.96666666667,851730,0.25387501516521277
1683734400,7.04,6.93,7.09,6.925,ok,40762,ACET,61.231884057971,6.9816666666666665,284586.69666666666,892492,0.31886750432123384
1683738000,6.91,6.93,6.97,6.875,ok,37969,ACET,62.59259259259259,6.925,262935.325,930461,0.28258607829882176
1683741600,6.93,6.855,7.0,6.855,ok,39077,ACET,59.71731448763253,6.903333333333333,269761.55666666664,969538,0.27823721882656133
1683745200,6.85,6.93,6.93,6.85,ok,98739,ACET,59.57446808510638,6.903333333333333,681628.23,1068277,0.6380631896034455
1683810000,6.92,6.85,7.0,6.82,ok,15166,ACET,59.99999999999999,6.890000000000001,104493.74,1083443,0.09644599669756508
1683813600,6.84,6.67,6.93,6.52,ok,35538,ACET,54.36893203883495,6.706666666666666,238341.52,1118981,0.2129987193705702
1683817200,6.63,6.66,6.71,6.61,ok,20826,ACET,53.26797385620917,6.66,138701.16,1139807,0.12168828582382807
1683820800,6.68,6.72,6.77,6.67,ok,12559,ACET,53.267973856209146,6.72,84396.48,1152366,0.07323756514857259
1683824400,6.72,6.7,6.76,6.66,ok,10306,ACET,50.671140939597336,6.706666666666667,69118.90666666668,1162672,0.059448328218677904
1683828000,6.71,6.72,6.72,6.66,ok,9155,ACET,51.32450331125828,6.699999999999999,61338.49999999999,1171827,0.05234433069045174
1683831600,6.7,6.66,6.705,6.64,ok,42612,ACET,47.69736842105262,6.668333333333333,284151.01999999996,1214439,0.23397718617402766
1683896400,6.68,6.58,6.68,6.52,ok,9934,ACET,18.9814814814814,6.593333333333334,65498.17333333334,1224373,0.05349527744676936
1683900000,6.54,6.42,6.54,6.38,ok,17390,ACET,13.025210084033516,6.446666666666666,112107.53333333333,1241763,0.09028094196181825
1683903600,6.45,6.41,6.45,6.38,ok,7705,ACET,15.656565656565562,6.413333333333334,49414.73333333334,1249468,0.03954861855872526
1683907200,6.385,6.37,6.42,6.34,ok,9332,ACET,17.816091954022895,6.376666666666666,59507.05333333333,1258800,0.04727284185997246
1683910800,6.405,6.41,6.41,6.38,ok,6089,ACET,21.428571428571345,6.3999999999999995,38969.6,1264889,0.030808711278222833
1683914400,6.43,6.5,6.5,6.43,ok,4979,ACET,30.81081081081072,6.476666666666667,32247.323333333334,1269868,0.025394232576404267
1683918000,6.48,6.36,6.505,6.345,ok,43363,ACET,21.21212121212116,6.403333333333333,277667.74333333335,1313231,0.21143861463317068
1684155600,6.58,6.94,7.02,6.37,ok,70808,ACET,53.02013422818795,6.776666666666667,479842.2133333334,1384039,0.34669703189963097
1684159200,6.9,6.87,6.91,6.78,ok,27099,ACET,57.24637681159422,6.853333333333334,185718.48000000004,1411138,0.13160901343454717
1684162800,6.9,7.05,7.05,6.9,ok,12482,ACET,62.58064516129033,7.0,87374.0,1423620,0.06137452410053244
1684166400,7.06,7.15,7.19,7.0,ok,78745,ACET,63.52201257861638,7.113333333333334,560139.4333333333,1502365,0.3728384469375507
1684170000,7.15,7.27,7.28,7.15,ok,27010,ACET,66.86390532544378,7.233333333333333,195372.33333333334,1529375,0.12774651954774555
1684173600,7.26,7.19,7.27,7.14,ok,19215,ACET,63.428571428571466,7.2,138348.0,1548590,0.08933804299394933
1684177200,7.19,7.11,7.21,7.05,ok,95587,ACET,62.71186440677968,7.123333333333334,680898.0633333334,1644177,0.41412698470622894
1684227600,7.1,7.1,7.1,7.1,ok,270,ACET,65.29411764705881,7.099999999999999,1916.9999999999998,1644447,0.0011657414316180454
1684242000,6.97,6.97,7.0,6.83,ok,22110,ACET,66.46706586826349,6.933333333333334,153296.0,1666557,0.0919836525243361
1684245600,6.995,7.0,7.01,6.93,ok,25443,ACET,67.45562130177515,6.9799999999999995,177592.13999999998,1692000,0.10495989361702127
1684249200,7.0,7.02,7.05,6.97,ok,17769,ACET,69.46107784431138,7.013333333333333,124619.91999999998,1709769,0.07288699233639163
1684252800,6.97,6.96,6.98,6.95,ok,11615,ACET,66.27218934911244,6.963333333333334,80879.11666666667,1721384,0.04698493576486517
1684256400,6.96,6.92,6.96,6.91,ok,13859,ACET,62.804878048780495,6.93,96042.87,1735243,0.055348369075685654
1684260000,6.91,6.93,6.93,6.9,ok,16410,ACET,68.87417218543045,6.919999999999999,113557.19999999998,1751653,0.0648285933344104
1684263600,6.95,6.83,6.95,6.82,ok,47642,ACET,44.66019417475727,6.866666666666667,327141.73333333334,1799295,0.18181661891648304
1684267200,6.83,6.83,6.83,6.83,ok,304787,ACET,47.91666666666666,6.830000000000001,2081695.2100000002,2104082,0.9893603053493163
1684328400,6.85,6.68,6.885,6.66,ok,8576,ACET,30.107526881720403,6.741666666666667,57816.53333333334,2112658,0.027366726338732224
1684332000,6.63,6.63,6.72,6.6,ok,8583,ACET,20.454545454545368,6.6499999999999995,57076.95,2121241,0.026907338675803454
1684335600,6.63,6.53,6.668,6.52,ok,18171,ACET,6.9767441860464885,6.572666666666667,119431.926,2139412,0.055824649950547166
1684339200,6.53,6.73,6.78,6.53,ok,21557,ACET,26.530612244897952,6.68,144000.75999999998,2160969,0.06663712436411627
1684342800,6.755,6.7,6.755,6.68,ok,10619,ACET,27.95698924731181,6.711666666666666,71271.18833333332,2171588,0.03281984811729174
1684346400,6.7,6.63,6.7,6.6,ok,14771,ACET,26.262626262626256,6.6433333333333335,98128.67666666667,2186359,0.04488223419240238
1684350000,6.66,6.69,6.728,6.64,ok,35388,ACET,34.7826086956522,6.686,236604.168,2221747,0.10649464948079147
1684353600,6.67,6.67,6.67,6.67,ok,993,ACET,31.86813186813187,6.669999999999999,6623.3099999999995,2222740,0.0029797952077166017
