t,o,c,h,l,s,v,Ticker,RSI,TP,Cumulative TP,Cumulative Volume,VWAP
1683057600,3.25,3.25,3.25,3.25,ok,38406,AVIR,,3.25,124819.5,38406,3.25
1683118800,3.26,3.24,3.285,3.235,ok,29051,AVIR,,3.2533333333333334,94512.58666666667,67457,1.4010790083559403
1683122400,3.25,3.25,3.255,3.21,ok,116712,AVIR,,3.2383333333333333,377952.36,184169,2.0522040082750084
1683126000,3.24,3.245,3.265,3.235,ok,92372,AVIR,,3.2483333333333335,300055.0466666667,276541,1.0850291517954542
1683129600,3.24,3.25,3.255,3.24,ok,49533,AVIR,,3.2483333333333335,160899.695,326074,0.49344533756141246
1683133200,3.25,3.295,3.295,3.25,ok,68862,AVIR,,3.28,225867.36,394936,0.5719087649644499
1683136800,3.29,3.275,3.3,3.25,ok,113669,AVIR,,3.275,372265.975,508605,0.7319353427512509
1683140400,3.27,3.25,3.275,3.23,ok,216610,AVIR,,3.2516666666666665,704343.5166666666,725215,0.9712202818014887
1683205200,3.23,3.24,3.27,3.23,ok,75962,AVIR,,3.2466666666666666,246623.29333333333,801177,0.3078262273297078
1683208800,3.245,3.275,3.275,3.245,ok,61383,AVIR,,3.265,200415.495,862560,0.23234962785197552
1683212400,3.28,3.285,3.29,3.26,ok,42071,AVIR,,3.2783333333333338,137922.7616666667,904631,0.1524630060949345
1683216000,3.29,3.315,3.32,3.29,ok,51256,AVIR,,3.308333333333333,169571.93333333332,955887,0.1773974678317974
1683219600,3.305,3.335,3.34,3.305,ok,33539,AVIR,,3.3266666666666667,111573.07333333333,989426,0.11276545525722322
1683223200,3.33,3.35,3.35,3.33,ok,36943,AVIR,70.83333333333346,3.3433333333333333,123512.76333333334,1026369,0.12033953025990977
1683226800,3.355,3.33,3.38,3.33,ok,204771,AVIR,65.38461538461547,3.3466666666666662,685300.2799999999,1231140,0.556638790064493
1683291600,3.35,3.405,3.425,3.35,ok,43762,AVIR,75.38461538461542,3.393333333333333,148499.05333333332,1274902,0.11647879863184253
1683295200,3.4,3.385,3.41,3.38,ok,74641,AVIR,70.14925373134331,3.391666666666667,253157.3916666667,1349543,0.18758749566828675
1683298800,3.38,3.335,3.4,3.33,ok,51739,AVIR,61.842105263157904,3.3550000000000004,173584.34500000003,1401282,0.12387538339891616
1683302400,3.34,3.345,3.35,3.32,ok,61188,AVIR,62.33766233766239,3.3383333333333334,204265.94,1462470,0.13967188386770327
1683306000,3.34,3.335,3.345,3.33,ok,41714,AVIR,55.71428571428573,3.3366666666666673,139185.71333333335,1504184,0.09253237192612962
1683309600,3.34,3.35,3.355,3.335,ok,56866,AVIR,60.86956521739133,3.3466666666666662,190311.54666666663,1561050,0.12191252468957857
1683313200,3.345,3.335,3.36,3.33,ok,154535,AVIR,62.6865671641791,3.3416666666666663,516404.45833333326,1715585,0.3010077952029968
1683550800,3.35,3.32,3.35,3.29,ok,23618,AVIR,61.76470588235287,3.3200000000000003,78411.76000000001,1739203,0.04508488083334723
1683554400,3.315,3.31,3.33,3.3,ok,70498,AVIR,55.55555555555557,3.313333333333333,233583.37333333332,1809701,0.1290729094658915
1683558000,3.32,3.38,3.385,3.32,ok,71286,AVIR,62.66666666666664,3.361666666666667,239639.77000000002,1880987,0.12740107720042723
1683561600,3.385,3.415,3.42,3.385,ok,45429,AVIR,63.15789473684211,3.4066666666666663,154761.46,1926416,0.08033646938148353
1683565200,3.415,3.445,3.465,3.39,ok,62034,AVIR,64.10256410256409,3.4333333333333336,212983.40000000002,1988450,0.10711026176167368
1683568800,3.44,3.42,3.445,3.42,ok,56603,AVIR,58.74999999999998,3.4283333333333332,194053.95166666666,2045053,0.09488944866791553
1683572400,3.415,3.405,3.435,3.38,ok,163845,AVIR,59.49367088607591,3.4066666666666663,558165.2999999999,2208898,0.2526894858884385
1683637200,3.3,3.285,3.335,3.22,ok,127499,AVIR,36.3636363636364,3.28,418196.72,2336397,0.178992149022619
1683640800,3.285,3.29,3.31,3.245,ok,78048,AVIR,38.82352941176474,3.2816666666666663,256127.51999999996,2414445,0.10608132303697121
1683644400,3.29,3.25,3.3,3.245,ok,67930,AVIR,39.75903614457832,3.265,221791.45,2482375,0.089346472632056
1683648000,3.255,3.255,3.27,3.24,ok,32730,AVIR,39.0243902439024,3.2550000000000003,106536.15000000001,2515105,0.04235852976317093
1683651600,3.26,3.32,3.345,3.26,ok,104712,AVIR,48.38709677419354,3.3083333333333336,346422.2,2619817,0.1322314497539332
1683655200,3.33,3.32,3.33,3.3,ok,66878,AVIR,46.66666666666664,3.3166666666666664,221812.03333333333,2686695,0.08255943950963296
1683658800,3.32,3.305,3.345,3.3,ok,142713,AVIR,46.66666666666668,3.3166666666666664,473331.44999999995,2829408,0.16728992425270586
1683723600,3.35,3.34,3.37,3.33,ok,52041,AVIR,52.1276595744681,3.3466666666666662,174163.87999999998,2881449,0.06044315898008258
1683727200,3.34,3.25,3.345,3.25,ok,59662,AVIR,44.545454545454525,3.2816666666666667,195790.79666666666,2941111,0.06657035272271827
1683730800,3.255,3.27,3.27,3.235,ok,106989,AVIR,38.99999999999999,3.2583333333333333,348605.825,3048100,0.11436823759063024
1683734400,3.27,3.28,3.29,3.265,ok,43019,AVIR,35.78947368421045,3.278333333333333,141030.62166666664,3091119,0.04562445563133177
1683738000,3.27,3.245,3.275,3.245,ok,89602,AVIR,29.16666666666661,3.2550000000000003,291654.51,3180721,0.09169446487132948
1683741600,3.245,3.265,3.265,3.235,ok,125398,AVIR,33.68421052631575,3.2550000000000003,408170.49000000005,3306119,0.1234591041641272
1683745200,3.265,3.33,3.35,3.265,ok,258435,AVIR,42.85714285714285,3.315,856712.025,3564554,0.2403419965022272
1683802800,3.3,3.3,3.3,3.3,ok,100,AVIR,51.724137931034456,3.2999999999999994,329.99999999999994,3564654,9.257560481325815e-05
1683810000,3.3,3.31,3.35,3.29,ok,38781,AVIR,52.27272727272729,3.316666666666667,128623.65000000001,3603435,0.03569473294231754
1683813600,3.31,3.28,3.31,3.28,ok,70974,AVIR,53.48837209302325,3.2899999999999996,233504.45999999996,3674409,0.06354884826376159
1683817200,3.29,3.28,3.295,3.28,ok,55058,AVIR,52.94117647058823,3.2849999999999997,180865.52999999997,3729467,0.048496348137682936
1683820800,3.28,3.295,3.305,3.275,ok,72754,AVIR,46.66666666666667,3.2916666666666665,239481.91666666666,3802221,0.06298474409211528
1683824400,3.29,3.315,3.315,3.29,ok,56397,AVIR,49.36708860759495,3.3066666666666666,186486.08,3858618,0.048329759514935136
1683828000,3.315,3.31,3.325,3.3,ok,48208,AVIR,50.64935064935064,3.311666666666667,159648.8266666667,3906826,0.0408640739737748
1683831600,3.315,3.315,3.335,3.3,ok,149421,AVIR,46.47887323943663,3.3166666666666664,495579.64999999997,4056247,0.12217689159461935
1683896400,3.31,3.26,3.31,3.24,ok,62708,AVIR,51.56249999999996,3.27,205055.16,4118955,0.049783296977024515
1683900000,3.25,3.23,3.26,3.23,ok,57852,AVIR,43.93939393939394,3.24,187440.48,4176807,0.04487650015909282
1683903600,3.235,3.205,3.235,3.2,ok,55727,AVIR,39.130434782608745,3.2133333333333334,179069.42666666667,4232534,0.04230785308911084
1683907200,3.205,3.255,3.26,3.19,ok,96807,AVIR,51.388888888888864,3.2349999999999994,313170.64499999996,4329341,0.07233679329024902
1683910800,3.255,3.245,3.26,3.235,ok,60657,AVIR,47.14285714285714,3.246666666666666,196933.05999999997,4389998,0.04485948740751134
1683914400,3.25,3.235,3.26,3.23,ok,57445,AVIR,33.89830508474576,3.2416666666666667,186217.54166666666,4447443,0.04187069776198743
1683918000,3.235,3.26,3.26,3.225,ok,261419,AVIR,43.103448275862064,3.248333333333333,849176.0516666666,4708862,0.1803357269052834
1684155600,3.24,3.3,3.305,3.24,ok,34291,AVIR,48.43749999999996,3.2816666666666663,112531.63166666665,4743153,0.02372506888701812
1684159200,3.305,3.3,3.315,3.275,ok,93951,AVIR,53.44827586206897,3.296666666666667,309725.13,4837104,0.06403110828297262
1684162800,3.3,3.3,3.31,3.295,ok,63888,AVIR,53.44827586206897,3.301666666666667,210936.88000000003,4900992,0.043039629528062895
1684166400,3.3,3.39,3.435,3.29,ok,478679,AVIR,63.01369863013701,3.3716666666666666,1613946.0283333333,5379671,0.30000831432504577
1684170000,3.39,3.45,3.45,3.39,ok,77928,AVIR,66.6666666666667,3.4299999999999997,267293.04,5457599,0.04897630624749088
1684173600,3.44,3.455,3.475,3.44,ok,92945,AVIR,67.90123456790124,3.456666666666667,321279.88333333336,5550544,0.0578825937301521
1684177200,3.455,3.455,3.47,3.43,ok,167330,AVIR,67.50000000000003,3.4516666666666667,577567.3833333333,5717874,0.1010108623123443
1684242000,3.36,3.45,3.47,3.36,ok,26786,AVIR,77.14285714285722,3.426666666666667,91786.69333333334,5744660,0.015977741647605487
1684245600,3.455,3.46,3.49,3.44,ok,38543,AVIR,84.84848484848489,3.4633333333333334,133487.25666666668,5783203,0.023081890202828206
1684249200,3.46,3.43,3.48,3.43,ok,50251,AVIR,83.58208955223887,3.4466666666666668,173198.44666666668,5833454,0.029690548115518984
1684252800,3.42,3.39,3.42,3.39,ok,29734,AVIR,70.76923076923083,3.4000000000000004,101095.6,5863188,0.017242428521821236
1684256400,3.38,3.4,3.41,3.38,ok,66157,AVIR,73.84615384615384,3.3966666666666665,224713.27666666664,5929345,0.03789849918779674
1684260000,3.4,3.415,3.415,3.39,ok,38928,AVIR,77.27272727272734,3.4066666666666663,132614.71999999997,5968273,0.022219948718833735
1684263600,3.41,3.46,3.47,3.41,ok,138013,AVIR,78.57142857142863,3.4466666666666668,475684.8066666667,6106286,0.07790083967024583
1684267200,3.46,3.46,3.46,3.46,ok,1484,AVIR,75.80645161290329,3.4599999999999995,5134.639999999999,6107770,0.0008406734372774351
1684328400,3.47,3.455,3.47,3.42,ok,16951,AVIR,74.60317460317468,3.4483333333333337,58452.69833333334,6124721,0.009543732413824783
1684332000,3.46,3.615,3.62,3.46,ok,74178,AVIR,83.15789473684217,3.565,264444.57,6198899,0.04265992557710652
1684335600,3.615,3.675,3.675,3.6,ok,57419,AVIR,82.0224719101124,3.65,209579.35,6256318,0.033498832700000224
1684339200,3.675,3.67,3.68,3.635,ok,48932,AVIR,78.20512820512826,3.6616666666666666,179172.67333333334,6305250,0.028416426522871154
1684342800,3.67,3.71,3.71,3.65,ok,53452,AVIR,80.00000000000006,3.69,197237.88,6358702,0.031018575803678172
1684346400,3.72,3.725,3.74,3.715,ok,44376,AVIR,80.68181818181824,3.7266666666666666,165374.56,6403078,0.025827353657100538
1684350000,3.72,3.775,3.78,3.72,ok,160001,AVIR,83.5051546391753,3.7583333333333333,601337.0916666667,6563079,0.09162423485480925
1684353600,3.78,3.78,3.78,3.78,ok,457,AVIR,83.33333333333339,3.78,1727.4599999999998,6563536,0.000263190451000802
