t,o,c,h,l,s,v,Ticker,RSI,TP,Cumulative TP,Cumulative Volume,VWAP
1678233600,5.79,3.67,5.88,3.52,ok,498839,CARM,,4.3566666666666665,2173275.243333333,498839,4.3566666666666665
1678320000,4.0,3.61,4.1,3.4247,ok,497983,CARM,,3.7115666666666662,1848297.1033666665,996822,1.8541897182913964
1678406400,3.37,3.25,3.61,3.22,ok,336174,CARM,,3.36,1129544.64,1332996,0.8473728653349296
1678665600,3.23,3.33,3.42,3.056,ok,226249,CARM,,3.268666666666667,739532.5646666667,1559245,0.47428887998144403
1678752000,3.32,3.16,3.48,3.12,ok,156871,CARM,,3.2533333333333334,510353.6533333333,1716116,0.2973887856842622
1678838400,3.15,3.15,3.2,3.02,ok,225951,CARM,,3.1233333333333335,705720.29,1942067,0.3633861705080206
1678924800,3.06,3.2,3.34,3.0,ok,170029,CARM,,3.1799999999999997,540692.22,2112096,0.25599793759374573
1679011200,3.16,3.12,3.29,3.07,ok,167937,CARM,,3.16,530680.92,2280033,0.2327514207031214
1679270400,3.15,2.94,3.1593,2.9,ok,146075,CARM,,2.9997666666666665,438190.91583333333,2426108,0.18061476069215934
1679356800,3.01,2.88,3.01,2.85,ok,86413,CARM,,2.9133333333333327,251749.87333333326,2512521,0.10019811708373115
1679443200,2.85,2.9,2.91,2.77,ok,86942,CARM,,2.86,248654.12,2599463,0.0956559566341202
1679529600,2.82,2.92,3.37,2.8048,ok,148682,CARM,,3.0315999999999996,450744.3511999999,2748145,0.1640176741765809
1679616000,2.93,3.21,3.33,2.92,ok,178412,CARM,,3.1533333333333338,562592.5066666667,2926557,0.1922369892903732
1679875200,3.2,3.18,3.2999,3.06,ok,90269,CARM,32.624113475177325,3.1799666666666666,287052.41103333334,3016826,0.09515046974314506
1679961600,3.19,2.98,3.19,2.98,ok,89182,CARM,28.571428571428584,3.0500000000000003,272005.10000000003,3106008,0.08757385686063913
1680048000,3.12,3.03,3.14,3.02,ok,46796,CARM,31.875,3.063333333333333,143351.74666666664,3152804,0.04546801725279042
1680134400,3.06,3.09,3.22,3.05,ok,77512,CARM,43.84615384615385,3.1199999999999997,241837.43999999997,3230316,0.07486494819701849
1680220800,3.09,3.1,3.2038,3.05,ok,40449,CARM,40.65040650406505,3.1179333333333332,126117.2854,3270765,0.038558956513231615
1680480000,3.16,3.13,3.18,3.0835,ok,40788,CARM,48.62385321100916,3.1311666666666667,127714.026,3311553,0.03856620322851544
1680566400,3.14,3.0,3.1522,2.91,ok,72014,CARM,43.80165289256199,3.0207333333333337,217535.0902666667,3383567,0.06429164555236137
1680652800,2.96,2.94,3.08,2.86,ok,61636,CARM,39.34426229508196,2.9599999999999995,182442.55999999997,3445203,0.052955532663822705
1680739200,2.95,2.83,3.08,2.7746,ok,137380,CARM,38.4,2.8948666666666667,397696.78266666667,3582583,0.11100839329240011
1681084800,2.83,2.82,2.85,2.75,ok,30749,CARM,44.44444444444444,2.8066666666666666,86302.19333333333,3613332,0.023884379662132714
1681171200,2.81,2.92,2.95,2.81,ok,34115,CARM,51.785714285714285,2.893333333333333,98706.06666666665,3647447,0.027061686342986384
1681257600,2.93,3.04,3.1,2.89,ok,191956,CARM,55.73770491803279,3.0100000000000002,577787.56,3839403,0.15048890673888624
1681344000,3.04,3.1,3.13,2.95,ok,104293,CARM,57.142857142857146,3.06,319136.58,3943696,0.08092322024821386
1681430400,3.25,3.56,3.85,3.2,ok,432899,CARM,62.23776223776224,3.536666666666667,1531019.4633333336,4376595,0.34981977161088323
1681689600,3.62,4.01,4.23,3.5101,ok,531103,CARM,72.43243243243242,3.9167,2080171.1201,4907698,0.42385882751954174
1681776000,3.99,4.07,4.1999,3.86,ok,144487,CARM,81.87134502923976,4.0433,584204.2871000001,5052185,0.11563398551319876
1681862400,4.08,4.74,4.8,4.0,ok,221644,CARM,86.69527896995709,4.513333333333334,1000353.2533333334,5273829,0.18968253489700432
1681948800,4.89,4.27,4.93,4.0,ok,395710,CARM,71.53284671532846,4.3999999999999995,1741123.9999999998,5669539,0.30710151213352616
1682035200,4.24,4.09,4.3076,4.07,ok,96782,CARM,67.0103092783505,4.155866666666667,402213.0877333334,5766321,0.06975211538402622
1682294400,4.05,4.15,4.29,4.04,ok,60084,CARM,67.34693877551021,4.16,249949.44,5826405,0.04289942769168981
1682380800,4.09,3.98,4.1591,3.85,ok,89084,CARM,66.44295302013421,3.996366666666667,356012.32813333336,5915489,0.06018307668788385
1682467200,3.99,4.0,4.12,3.86,ok,58550,CARM,68.02721088435374,3.9933333333333336,233809.6666666667,5974039,0.03913761973543639
1682553600,3.99,4.04,4.095,3.902,ok,148958,CARM,71.08013937282229,4.012333333333333,597669.1486666667,6122997,0.09761055716125072
1682640000,4.02,4.15,4.15,3.9,ok,196031,CARM,72.39057239057239,4.066666666666667,797192.7333333335,6319028,0.1261574934204016
1682899200,4.15,4.12,4.32,3.9,ok,191130,CARM,70.68965517241378,4.113333333333333,786181.4,6510158,0.12076226106954702
1682985600,4.1,4.22,4.24,4.01,ok,60286,CARM,70.4861111111111,4.156666666666666,250588.80666666664,6570444,0.0381387934615479
1683072000,4.24,4.78,5.15,3.95,ok,308577,CARM,74.85207100591714,4.626666666666668,1427682.9200000004,6879021,0.20754158476911183
1683158400,4.7,5.1,5.26,4.5861,ok,134804,CARM,73.76543209876542,4.982033333333333,671598.0214666666,7013825,0.0957534614089554
1683244800,5.11,5.54,5.542,5.11,ok,224688,CARM,73.68421052631578,5.397333333333333,1212716.032,7238513,0.16753662416576443
1683504000,5.65,6.07,6.38,5.22,ok,362275,CARM,77.027027027027,5.890000000000001,2133799.75,7600788,0.2807340173150468
1683590400,6.74,6.56,6.87,5.36,ok,390624,CARM,75.85227272727272,6.263333333333333,2446608.32,7991412,0.30615469706730175
