t,o,c,h,l,s,v,Ticker,RSI,TP,Cumulative TP,Cumulative Volume,VWAP
1683057600,1.03,1.03,1.03,1.03,ok,382418,GEVO,,1.03,393890.54000000004,382418,1.03
1683064800,1.04,1.04,1.04,1.04,ok,420,GEVO,,1.04,436.8,382838,0.0011409525700165606
1683068400,1.05,1.04,1.05,1.04,ok,486,GEVO,,1.0433333333333332,507.05999999999995,383324,0.0013227974246329474
1683111600,1.04,1.03,1.04,1.03,ok,400,GEVO,,1.0333333333333334,413.33333333333337,383724,0.0010771630998669182
1683115200,1.03,1.03,1.03,1.03,ok,1463,GEVO,,1.03,1506.89,385187,0.003912099837221921
1683118800,1.03,1.065,1.07,1.02,ok,405198,GEVO,,1.0516666666666665,426133.2299999999,790385,0.5391464033350835
1683122400,1.065,1.08,1.1,1.06,ok,966885,GEVO,,1.08,1044235.8,1757270,0.5942375389097863
1683126000,1.075,1.095,1.095,1.06,ok,572050,GEVO,,1.0833333333333333,619720.8333333333,2329320,0.2660522527318416
1683129600,1.1,1.1,1.1,1.095,ok,245673,GEVO,,1.0983333333333334,269830.84500000003,2574993,0.10478896253310205
1683133200,1.095,1.095,1.105,1.09,ok,327764,GEVO,,1.0966666666666667,359447.85333333333,2902757,0.12382981191099818
1683136800,1.095,1.13,1.13,1.09,ok,795311,GEVO,,1.1166666666666665,888097.2833333332,3698068,0.2401516909189699
1683140400,1.125,1.1,1.135,1.09,ok,1409858,GEVO,,1.1083333333333334,1562592.6166666667,5107926,0.30591528081390895
1683144000,1.09,1.08,1.09,1.08,ok,22103,GEVO,,1.0833333333333333,23944.916666666664,5130029,0.0046675986951860635
1683194400,1.13,1.13,1.13,1.13,ok,300,GEVO,71.73913043478261,1.13,338.99999999999994,5130329,6.607763361764907e-05
1683201600,1.11,1.11,1.11,1.09,ok,4094,GEVO,66.00000000000004,1.1033333333333335,4517.046666666667,5134423,0.0008797574073399615
1683205200,1.09,1.11,1.11,1.085,ok,145097,GEVO,64.58333333333337,1.1016666666666668,159848.52833333335,5279520,0.030277094950551062
1683208800,1.105,1.1,1.12,1.095,ok,544657,GEVO,62.00000000000003,1.105,601845.985,5824177,0.10333579920390469
1683212400,1.1,1.1,1.11,1.095,ok,243571,GEVO,64.58333333333337,1.1016666666666668,268334.0516666667,6067748,0.04422300525115194
1683216000,1.1,1.1,1.105,1.09,ok,468646,GEVO,64.58333333333337,1.0983333333333334,514729.5233333334,6536394,0.0787482399826775
1683219600,1.1,1.13,1.13,1.1,ok,429963,GEVO,63.82978723404258,1.1199999999999999,481558.55999999994,6966357,0.06912631092549519
1683223200,1.13,1.145,1.15,1.125,ok,455930,GEVO,63.82978723404258,1.14,519760.19999999995,7422287,0.07002696069284305
1683226800,1.15,1.16,1.16,1.145,ok,722832,GEVO,63.82978723404258,1.155,834870.96,8145119,0.1024995411362314
1683230400,1.14,1.14,1.14,1.13,ok,9718,GEVO,57.99999999999999,1.1366666666666665,11046.126666666665,8154837,0.0013545490445323021
1683234000,1.12,1.1,1.12,1.1,ok,28362,GEVO,50.87719298245616,1.1066666666666667,31387.28,8183199,0.0038355757937696493
1683241200,1.12,1.14,1.14,1.11,ok,2222,GEVO,51.72413793103448,1.13,2510.8599999999997,8185421,0.00030674781419306346
1683284400,1.14,1.13,1.14,1.13,ok,1431,GEVO,55.555555555555536,1.133333333333333,1621.7999999999997,8186852,0.00019809812123145742
1683291600,1.14,1.18,1.19,1.14,ok,390065,GEVO,66.66666666666669,1.17,456376.05,8576917,0.05320980137734806
1683295200,1.18,1.215,1.22,1.175,ok,931210,GEVO,64.91228070175444,1.2033333333333334,1120556.0333333334,9508127,0.11785244699963868
1683298800,1.23,1.205,1.235,1.2,ok,575124,GEVO,67.27272727272728,1.2133333333333334,697817.12,10083251,0.06920556871985037
1683302400,1.205,1.175,1.21,1.17,ok,503998,GEVO,60.65573770491804,1.1849999999999998,597237.6299999999,10587249,0.056411030854190726
1683306000,1.175,1.165,1.175,1.165,ok,570616,GEVO,60.65573770491804,1.1683333333333332,666669.6933333332,11157865,0.0597488581671613
1683309600,1.165,1.195,1.2,1.165,ok,1047240,GEVO,64.17910447761194,1.1866666666666668,1242724.8,12205105,0.10182008266213195
1683313200,1.19,1.21,1.21,1.18,ok,953588,GEVO,65.71428571428571,1.2,1144305.5999999999,13158693,0.08696194979242998
1683316800,1.19,1.19,1.19,1.19,ok,600,GEVO,58.82352941176471,1.19,714.0,13159293,5.4258234085980154e-05
1683320400,1.19,1.19,1.19,1.19,ok,5318,GEVO,56.92307692307692,1.19,6328.42,13164611,0.0004807145459900031
1683324000,1.2,1.2,1.2,1.2,ok,700,GEVO,56.250000000000014,1.2,840.0,13165311,6.380403774738021e-05
1683327600,1.2,1.21,1.21,1.2,ok,1853,GEVO,61.29032258064517,1.2066666666666668,2235.9533333333334,13167164,0.00016981282631045935
1683532800,1.25,1.25,1.25,1.25,ok,201,GEVO,74.19354838709675,1.25,251.25,13167365,1.908126644928579e-05
1683540000,1.22,1.22,1.22,1.22,ok,150,GEVO,63.33333333333333,1.22,183.0,13167515,1.3897838734187886e-05
1683547200,1.23,1.23,1.24,1.22,ok,28714,GEVO,66.66666666666666,1.23,35318.22,13196229,0.002676387322469169
1683550800,1.23,1.19,1.24,1.19,ok,616660,GEVO,51.72413793103448,1.2066666666666666,744103.0666666667,13812889,0.05387019809300333
1683554400,1.195,1.215,1.22,1.17,ok,575704,GEVO,50.0,1.2016666666666664,691804.3066666665,14388593,0.048080052487874704
1683558000,1.22,1.21,1.23,1.2,ok,746089,GEVO,50.90909090909089,1.2133333333333332,905254.6533333332,15134682,0.05981325893291535
1683561600,1.21,1.21,1.22,1.205,ok,763877,GEVO,57.142857142857125,1.2116666666666667,925564.2983333333,15898559,0.05821686722257868
1683565200,1.215,1.225,1.23,1.21,ok,637968,GEVO,61.99999999999999,1.2216666666666667,779384.24,16536527,0.04713107171777967
1683568800,1.22,1.225,1.23,1.2,ok,396459,GEVO,56.81818181818181,1.2183333333333333,483019.21499999997,16932986,0.028525341897760972
1683572400,1.225,1.23,1.23,1.2,ok,1579933,GEVO,54.76190476190476,1.22,1927518.26,18512919,0.10411746845540673
1683576000,1.23,1.23,1.23,1.23,ok,2670,GEVO,60.52631578947367,1.23,3284.1,18515589,0.0001773694587841629
1683626400,1.21,1.21,1.21,1.21,ok,194,GEVO,54.76190476190476,1.21,234.73999999999998,18515783,1.2677832744097292e-05
1683630000,1.2,1.2,1.2,1.19,ok,9949,GEVO,50.0,1.1966666666666665,11905.636666666665,18525732,0.0006426540482538916
1683633600,1.21,1.21,1.21,1.21,ok,263,GEVO,50.0,1.21,318.23,18525995,1.7177484934007594e-05
1683637200,1.21,1.2,1.21,1.13,ok,853950,GEVO,36.11111111111112,1.18,1007661.0,19379945,0.05199503920160764
1683640800,1.21,1.21,1.21,1.175,ok,578117,GEVO,46.875000000000014,1.1983333333333333,692776.8716666666,19958062,0.03471163040112144
1683644400,1.21,1.205,1.21,1.19,ok,461654,GEVO,41.93548387096778,1.2016666666666667,554754.2233333334,20419716,0.027167577812215085
1683648000,1.205,1.2,1.22,1.19,ok,392496,GEVO,54.16666666666666,1.2033333333333334,472303.52,20812212,0.022693576252250363
1683651600,1.2,1.215,1.22,1.195,ok,313199,GEVO,50.0,1.21,378970.79,21125411,0.017939096664202177
1683655200,1.21,1.22,1.22,1.205,ok,266462,GEVO,54.54545454545455,1.2149999999999999,323751.32999999996,21391873,0.015134314325818967
1683658800,1.22,1.23,1.23,1.21,ok,1328715,GEVO,58.33333333333333,1.2233333333333334,1625461.35,22720588,0.071541341711755
1683666000,1.22,1.22,1.24,1.22,ok,973,GEVO,47.82608695652169,1.2266666666666666,1193.5466666666666,22721561,5.25292547755265e-05
1683673200,1.22,1.24,1.24,1.22,ok,2167,GEVO,55.55555555555552,1.2333333333333334,2672.6333333333337,22723728,0.00011761421071988424
1683720000,1.23,1.24,1.24,1.23,ok,2634,GEVO,53.846153846153854,1.2366666666666666,3257.3799999999997,22726362,0.00014333046353833488
1683723600,1.24,1.25,1.25,1.215,ok,404590,GEVO,57.142857142857146,1.2383333333333333,501017.2833333333,23130952,0.021660037309892535
1683727200,1.245,1.235,1.28,1.22,ok,1150534,GEVO,59.25925925925931,1.245,1432414.83,24281486,0.058992057981953824
1683730800,1.24,1.22,1.25,1.22,ok,583825,GEVO,57.142857142857146,1.2299999999999998,718104.7499999999,24865311,0.028879781555919404
1683734400,1.22,1.21,1.235,1.21,ok,502033,GEVO,50.0,1.2183333333333335,611643.5383333334,25367344,0.024111453620581383
1683738000,1.21,1.195,1.215,1.18,ok,465321,GEVO,48.27586206896556,1.1966666666666665,556834.1299999999,25832665,0.02155542720814906
1683741600,1.195,1.19,1.195,1.185,ok,374451,GEVO,42.85714285714285,1.19,445596.69,26207116,0.017002889215280308
1683745200,1.19,1.19,1.2,1.18,ok,1076118,GEVO,44.44444444444441,1.19,1280580.42,27283234,0.04693653325701784
1683748800,1.2,1.2,1.25,1.2,ok,45380,GEVO,50.0,1.2166666666666668,55212.333333333336,27328614,0.002020312238788741
1683756000,1.2,1.2,1.2,1.2,ok,1165,GEVO,43.99999999999996,1.2,1398.0,27329779,5.115299322398472e-05
1683759600,1.22,1.19,1.22,1.19,ok,5334,GEVO,38.46153846153846,1.2,6400.8,27335113,0.00023416036363193378
1683802800,1.19,1.19,1.19,1.18,ok,6879,GEVO,33.33333333333333,1.1866666666666668,8163.080000000001,27341992,0.0002985546919917174
1683806400,1.18,1.18,1.18,1.18,ok,403,GEVO,33.33333333333333,1.18,475.53999999999996,27342395,1.7392038992926552e-05
1683810000,1.18,1.145,1.18,1.135,ok,575220,GEVO,14.814814814814824,1.1533333333333333,663420.4,27917615,0.023763505585989348
1683813600,1.15,1.13,1.155,1.12,ok,606901,GEVO,13.333333333333329,1.135,688832.635,28524516,0.02414879309433331
1683817200,1.135,1.165,1.17,1.13,ok,286061,GEVO,25.71428571428575,1.155,330400.455,28810577,0.011468026308532454
1683820800,1.16,1.135,1.17,1.125,ok,1160072,GEVO,23.684210526315823,1.1433333333333333,1326348.9866666666,29970649,0.04425493043766475
1683824400,1.13,1.135,1.14,1.12,ok,439973,GEVO,25.71428571428575,1.1316666666666666,497902.7783333333,30410622,0.01637266012952097
1683828000,1.135,1.145,1.16,1.13,ok,680741,GEVO,31.428571428571477,1.145,779448.4450000001,31091363,0.025069613223453732
1683831600,1.145,1.135,1.16,1.13,ok,669884,GEVO,32.35294117647061,1.1416666666666666,764784.2333333333,31761247,0.024079162676872646
1683835200,1.14,1.14,1.14,1.14,ok,9098,GEVO,35.294117647058826,1.14,10371.72,31770345,0.00032645915554269236
1683846000,1.18,1.18,1.18,1.18,ok,433,GEVO,47.61904761904762,1.18,510.94,31770778,1.6082073910812003e-05
1683889200,1.17,1.16,1.17,1.16,ok,5773,GEVO,40.90909090909091,1.1633333333333333,6715.923333333333,31776551,0.0002113484038382055
1683892800,1.15,1.15,1.15,1.15,ok,1007,GEVO,39.130434782608695,1.15,1158.05,31777558,3.6442384905724976e-05
1683896400,1.14,1.185,1.19,1.14,ok,445008,GEVO,49.01960784313727,1.1716666666666666,521401.04,32222566,0.01618123894912652
1683900000,1.18,1.13,1.19,1.13,ok,905858,GEVO,40.322580645161295,1.15,1041736.7,33128424,0.03144540470745001
1683903600,1.13,1.12,1.135,1.11,ok,593864,GEVO,40.32258064516133,1.1216666666666668,666117.4533333334,33722288,0.019753032573985887
1683907200,1.12,1.105,1.12,1.1,ok,250745,GEVO,43.10344827586208,1.1083333333333334,277909.0416666667,33973033,0.008180283510944304
1683910800,1.1,1.12,1.13,1.1,ok,547764,GEVO,48.27586206896556,1.1166666666666667,611669.8,34520797,0.0177188782750294
1683914400,1.12,1.125,1.13,1.12,ok,154893,GEVO,42.30769230769231,1.125,174254.625,34675690,0.005025267701954886
1683918000,1.125,1.14,1.15,1.12,ok,784130,GEVO,51.02040816326528,1.1366666666666667,891294.4333333333,35459820,0.025135334396320493
1683921600,1.15,1.15,1.15,1.15,ok,869,GEVO,52.94117647058822,1.15,999.3499999999999,35460689,2.8181911524618145e-05
1683932400,1.13,1.12,1.14,1.12,ok,18356,GEVO,45.45454545454548,1.1266666666666667,20681.093333333334,35479045,0.0005829100905431173
1684141200,1.15,1.13,1.15,1.13,ok,1996,GEVO,49.09090909090907,1.1366666666666665,2268.7866666666664,35481041,6.394363307059301e-05
1684148400,1.14,1.14,1.15,1.14,ok,1000,GEVO,50.0,1.1433333333333333,1143.3333333333333,35482041,3.2222873913406875e-05
1684152000,1.16,1.16,1.16,1.16,ok,100,GEVO,46.15384615384615,1.16,115.99999999999999,35482141,3.269250296931067e-06
1684155600,1.15,1.155,1.16,1.13,ok,209003,GEVO,48.97959183673471,1.1483333333333334,240005.1116666667,35691144,0.006724500387733906
1684159200,1.175,1.19,1.195,1.16,ok,555231,GEVO,57.40740740740742,1.1816666666666666,656097.965,36246375,0.018101064313327885
1684162800,1.195,1.22,1.23,1.19,ok,994512,GEVO,56.60377358490565,1.2133333333333332,1206674.5599999998,37240887,0.03240187485330303
1684166400,1.22,1.24,1.26,1.22,ok,711270,GEVO,73.91304347826096,1.24,881974.8,37952157,0.023239121823826772
1684170000,1.24,1.23,1.25,1.225,ok,629437,GEVO,73.91304347826089,1.235,777354.6950000001,38581594,0.02014833018563204
1684173600,1.23,1.235,1.24,1.22,ok,173929,GEVO,79.54545454545463,1.2316666666666667,214222.55166666667,38755523,0.005527536079610296
1684177200,1.24,1.23,1.24,1.23,ok,503776,GEVO,76.19047619047622,1.2333333333333332,621323.7333333333,39259299,0.01582615454578884
1684180800,1.23,1.23,1.23,1.23,ok,253,GEVO,75.60975609756102,1.23,311.19,39259552,7.926478631238584e-06
1684184400,1.24,1.24,1.24,1.24,ok,999,GEVO,75.00000000000006,1.24,1238.76,39260551,3.1552282595320685e-05
1684191600,1.26,1.26,1.26,1.26,ok,400,GEVO,76.19047619047625,1.26,504.0,39260951,1.2837182675478239e-05
1684238400,1.24,1.23,1.24,1.23,ok,4323,GEVO,76.19047619047616,1.2333333333333332,5331.699999999999,39265274,0.0001357866495468744
1684242000,1.2,1.19,1.225,1.19,ok,242636,GEVO,62.5,1.2016666666666667,291567.5933333333,39507910,0.007379980194683377
1684245600,1.19,1.175,1.195,1.17,ok,329661,GEVO,57.14285714285717,1.18,388999.98,39837571,0.009764651062686527
1684249200,1.175,1.155,1.18,1.15,ok,336658,GEVO,48.97959183673471,1.1616666666666668,391084.3766666667,40174229,0.009734707706939858
1684252800,1.155,1.14,1.155,1.135,ok,613738,GEVO,47.05882352941174,1.1433333333333333,701707.1133333333,40787967,0.01720377760758052
1684256400,1.14,1.13,1.145,1.13,ok,283695,GEVO,36.95652173913045,1.135,321993.825,41071662,0.007839805094812087
1684260000,1.13,1.13,1.135,1.13,ok,141962,GEVO,27.50000000000003,1.1316666666666666,160653.66333333333,41213624,0.003898071747666095
1684263600,1.13,1.13,1.135,1.12,ok,625943,GEVO,19.444444444444485,1.1283333333333332,706272.3516666666,41839567,0.016880489027686796
1684267200,1.13,1.13,1.13,1.13,ok,2800,GEVO,20.58823529411769,1.13,3163.9999999999995,41842367,7.561713705154395e-05
1684270800,1.13,1.12,1.13,1.12,ok,400,GEVO,17.142857142857153,1.1233333333333333,449.3333333333333,41842767,1.0738614234888752e-05
1684274400,1.13,1.13,1.13,1.13,ok,229,GEVO,22.22222222222216,1.13,258.77,41842996,6.184308599699696e-06
1684278000,1.13,1.12,1.13,1.12,ok,2000,GEVO,21.052631578947327,1.1233333333333333,2246.6666666666665,41844996,5.369021105096214e-05
1684321200,1.14,1.14,1.16,1.14,ok,3990,GEVO,24.999999999999886,1.1466666666666665,4575.199999999999,41848986,0.00010932642430093764
1684324800,1.1599,1.15,1.16,1.12,ok,31308,GEVO,21.052631578947228,1.1433333333333333,35795.479999999996,41880294,0.0008547093771595776
1684328400,1.14,1.1117,1.15,1.11,ok,278576,GEVO,20.17145738779614,1.1239,313091.56639999995,42158870,0.007426469599398655
1684332000,1.11,1.15,1.16,1.11,ok,421686,GEVO,39.82706002034583,1.14,480722.04,42580556,0.011289707912691417
1684335600,1.1501,1.175,1.175,1.14,ok,334008,GEVO,50.0,1.1633333333333333,388562.64,42914564,0.00905433036672585
1684339200,1.175,1.182,1.19,1.15,ok,485919,GEVO,56.97314049586777,1.174,570468.906,43400483,0.013144298555387044
1684342800,1.18,1.1812,1.19,1.16,ok,671794,GEVO,61.48272017837244,1.1770666666666665,790746.3242666665,44072277,0.017942034723249414
1684346400,1.18,1.19,1.19,1.18,ok,128222,GEVO,66.83501683501694,1.1866666666666668,152156.77333333335,44200499,0.0034424220715999912
1684350000,1.185,1.18,1.19,1.17,ok,654288,GEVO,63.28374070138159,1.18,772059.84,44854787,0.01721242907696786
1684353600,1.19,1.1781,1.19,1.16,ok,3353,GEVO,62.65123619147824,1.176033333333333,3943.2397666666657,44858140,8.790466494301069e-05
1684357200,1.1799,1.16,1.1799,1.16,ok,1577,GEVO,57.20461095100869,1.1666333333333334,1839.7807666666668,44859717,4.101186743257134e-05
1684360800,1.18,1.17,1.18,1.17,ok,1201,GEVO,62.007684918347735,1.1733333333333331,1409.1733333333332,44860918,3.1412048530378565e-05
1684364400,1.18,1.18,1.18,1.18,ok,1808,GEVO,62.007684918347785,1.18,2133.44,44862726,4.755484541888962e-05
