t,o,c,h,l,s,v,Ticker,RSI,TP,Cumulative TP,Cumulative Volume,VWAP
1675641600,3.9,3.5,4.25,3.08,ok,4728742.0,LICN,,3.61,17070758.62,4728742.0,3.6100000000000003
1675728000,3.22,3.45,3.55,2.82,ok,681387.0,LICN,,3.2733333333333334,2230406.7800000003,5410129.0,0.41226499035420416
1675814400,3.5,3.4201,3.6499,3.2701,ok,323497.0,LICN,,3.4467,1114997.1099,5733626.0,0.19446631327191555
1675900800,3.55,3.53,3.58,3.02,ok,383136.0,LICN,,3.3766666666666665,1293722.5599999998,6116762.0,0.21150447900376046
1675987200,3.39,4.1,4.1,3.38,ok,1421275.0,LICN,,3.8599999999999994,5486121.499999999,7538037.0,0.72779179778502
1676246400,4.25,4.74,5.25,4.11,ok,3717357.0,LICN,,4.7,17471577.900000002,11255394.0,1.552284877810586
1676332800,5.3,2.72,5.82,2.28,ok,13105885.0,LICN,,3.606666666666667,47268558.56666667,24361279.0,1.9403151438258504
1676419200,2.65,2.84,2.86,2.28,ok,1328362.0,LICN,,2.6599999999999997,3533442.9199999995,25689641.0,0.13754349155755036
1676505600,2.61,2.613,2.88,2.58,ok,393923.0,LICN,,2.6910000000000003,1060046.793,26083564.0,0.04064041221514054
1676592000,2.5,2.55,2.65,2.5,ok,280042.0,LICN,,2.566666666666667,718774.4666666667,26363606.0,0.027263890480940533
1676937600,2.43,2.17,2.64,2.01,ok,464775.0,LICN,,2.2733333333333334,1056588.5,26828381.0,0.039383237475269194
1677024000,2.15,2.15,2.24,2.01,ok,179116.0,LICN,,2.1333333333333333,382114.1333333333,27007497.0,0.01414844675659256
1677110400,2.15,2.09,2.19,2.05,ok,151053.0,LICN,,2.11,318721.82999999996,27158550.0,0.011735598181788055
1677196800,2.07,2.01,2.12,1.92,ok,92497.0,LICN,32.95116481303492,2.0166666666666666,186535.61666666667,27251047.0,0.00684508072906948
1677456000,1.96,1.8,2.0199,1.8,ok,227084.0,LICN,31.44023756495916,1.8732999999999997,425396.45719999995,27478131.0,0.015481273351524525
1677542400,1.75,1.74,1.81,1.7,ok,155529.0,LICN,31.37173733060264,1.75,272175.75,27633660.0,0.009849428197350622
1677628800,1.71,1.56,1.71,1.52,ok,174428.0,LICN,30.37827802274309,1.5966666666666667,278503.37333333335,27808088.0,0.010015193181686326
1677715200,1.51,1.61,1.74,1.509,ok,151476.0,LICN,29.48717948717949,1.6196666666666666,245340.628,27959564.0,0.008774837404474548
1677801600,1.68,1.66,1.75,1.65,ok,245936.0,LICN,20.67307692307693,1.6866666666666665,414812.0533333333,28205500.0,0.014706778937913998
1678060800,1.69,1.57,1.7299,1.55,ok,95674.0,LICN,6.094182825484751,1.6166333333333334,154669.77753333334,28301174.0,0.00546513644746092
1678147200,1.56,1.6,1.69,1.56,ok,97973.0,LICN,15.432098765432071,1.6166666666666665,158389.68333333332,28399147.0,0.005577269040275517
1678233600,1.6,1.94,2.11,1.57,ok,633474.0,LICN,25.543478260869563,1.873333333333333,1186707.9599999997,29032621.0,0.04087498541726563
1678320000,1.98,1.93,2.1134,1.8101,ok,200482.0,LICN,28.958718422674053,1.9511666666666665,391173.79566666664,29233103.0,0.013381193083288717
1678406400,1.91,2.03,2.07,1.85,ok,161515.0,LICN,34.337349397590344,1.9833333333333332,320338.0833333333,29394618.0,0.010897848148029457
1678665600,2.05,1.89,2.05,1.89,ok,83225.0,LICN,40.14084507042253,1.9433333333333331,161733.91666666666,29477843.0,0.005486626571240869
1678752000,1.89,1.96,1.9987,1.83,ok,97431.0,LICN,43.53741496598639,1.9295666666666669,187999.6099,29575274.0,0.006356648120994585
1678838400,1.9,1.99,2.09,1.9,ok,74696.0,LICN,46.527777777777786,1.9933333333333332,148894.02666666664,29649970.0,0.005021726047839733
1678924800,1.99,2.08,2.15,1.9296,ok,146510.0,LICN,52.413793103448285,2.0532,300814.332,29796480.0,0.010095633175462337
1679011200,2.1,2.14,2.23,2.06,ok,189566.0,LICN,63.07692307692309,2.143333333333333,406303.12666666665,29986046.0,0.013549739991283501
1679270400,2.24,2.14,2.24,2.03,ok,182856.0,LICN,66.12903225806453,2.1366666666666667,390702.32,30168902.0,0.012950498496763323
1679356800,2.1327,2.18,2.22,2.12,ok,76821.0,LICN,78.1818181818182,2.1733333333333333,166957.64,30245723.0,0.005520041296417349
1679443200,2.217,2.28,2.4,2.17,ok,147098.0,LICN,79.1304347826087,2.283333333333333,335873.76666666666,30392821.0,0.011051088895850329
1679529600,2.32,2.3,2.3699,2.2,ok,62978.0,LICN,78.57142857142858,2.289966666666667,144217.52073333334,30455799.0,0.004735305769956432
1679616000,2.28,2.25,2.35,2.18,ok,39377.0,LICN,81.4814814814815,2.2600000000000002,88992.02,30495176.0,0.002918232706707448
1679875200,2.19,2.25,2.26,2.14,ok,69280.0,LICN,80.95238095238096,2.216666666666667,153570.6666666667,30564456.0,0.0050244855222244655
1679961600,2.16,2.14,2.24,2.12,ok,59880.0,LICN,62.195121951219534,2.1666666666666665,129739.99999999999,30624336.0,0.0042365000175024195
1680048000,2.14,2.16,2.2299,2.11,ok,76282.0,LICN,63.85542168674701,2.1666333333333334,165275.12393333335,30700618.0,0.005383446155166432
1680134400,2.14,2.16,2.2,2.1,ok,78472.0,LICN,58.90410958904113,2.1533333333333338,168976.37333333338,30779090.0,0.005489973008732012
1680220800,2.19,2.11,2.19,2.04,ok,134230.0,LICN,67.1875,2.1133333333333333,283672.73333333334,30913320.0,0.009176391708601125
1680480000,2.15,2.07,2.19,1.98,ok,55763.0,LICN,59.01639344262294,2.08,115987.04000000001,30969083.0,0.0037452526443873075
1680566400,2.1,2.08,2.13,1.95,ok,54525.0,LICN,57.6271186440678,2.0533333333333332,111958.0,31023608.0,0.003608800111192741
1680652800,2.07,2.01,2.12,1.935,ok,33092.0,LICN,43.85964912280699,2.0216666666666665,66900.99333333333,31056700.0,0.002154156537344062
1680739200,2.08,2.05,2.15,2.02,ok,22406.0,LICN,41.8181818181818,2.0733333333333333,46455.10666666667,31079106.0,0.001494737547040982
1681084800,2.03,2.04,2.1,1.907,ok,17220.0,LICN,41.07142857142856,2.0156666666666667,34709.78,31096326.0,0.0011162019590352892
1681171200,2.0316,2.03,2.05,1.95,ok,28078.0,LICN,35.84905660377356,2.01,56436.77999999999,31124404.0,0.0018132646009864153
1681257600,2.08,2.06,2.11,1.98,ok,23988.0,LICN,26.08695652173921,2.0500000000000003,49175.40000000001,31148392.0,0.0015787460232297066
1681344000,2.1,2.1,2.15,2.03,ok,29820.0,LICN,29.16666666666673,2.0933333333333333,62423.2,31178212.0,0.0020021417520671167
1681430400,2.1,1.95,2.12,1.9,ok,16558.0,LICN,24.137931034482804,1.99,32950.42,31194770.0,0.0010562802674935574
1681689600,2.0162,2.03,2.09,1.95,ok,35310.0,LICN,33.33333333333334,2.0233333333333334,71443.90000000001,31230080.0,0.002287663047933275
1681776000,1.97,2.04,2.14,1.95,ok,35149.0,LICN,41.07142857142859,2.0433333333333334,71821.12333333334,31265229.0,0.0022971564779945587
1681862400,1.98,2.05,2.06,1.93,ok,38516.0,LICN,39.99999999999999,2.013333333333333,77545.54666666666,31303745.0,0.002477197110654545
1681948800,2.04,2.2,2.22,1.96,ok,122555.0,LICN,52.85714285714285,2.1266666666666665,260633.6333333333,31426300.0,0.008293487726309915
1682035200,2.19,2.19,2.33,2.1,ok,414434.0,LICN,56.060606060606055,2.2066666666666666,914517.6933333332,31840734.0,0.028721627250594576
1682294400,2.18,2.25,2.27,2.1372,ok,83881.0,LICN,63.23529411764704,2.2190666666666665,186137.53106666665,31924615.0,0.00583053330687517
1682380800,2.2,2.18,2.22,2.012,ok,77686.0,LICN,56.75675675675676,2.1373333333333338,166040.87733333337,32002301.0,0.005188404337967241
1682467200,2.25,2.1201,2.25,2.1121,ok,13559.0,LICN,57.54212905877517,2.1607333333333334,29297.383266666668,32015860.0,0.0009150896857578297
1682553600,2.2,2.16,2.25,2.12,ok,266654.0,LICN,57.536311318169375,2.1766666666666667,580416.8733333334,32282514.0,0.017979295953634015
1682640000,2.28,2.95,3.54,2.267,ok,4184301.0,LICN,80.13644191283612,2.9190000000000005,12213974.619000003,36466815.0,0.3349339562284231
1682899200,2.53,2.4,2.56,2.27,ok,317321.0,LICN,59.02527075812274,2.41,764743.6100000001,36784136.0,0.02079003867319325
1682985600,2.44,2.8,3.1,2.44,ok,1455227.0,LICN,65.29051987767582,2.78,4045531.0599999996,38239363.0,0.10579493858200513
1683072000,3.15,2.92,3.22,2.62,ok,632851.0,LICN,66.40131210496838,2.92,1847924.92,38872214.0,0.04753845304514942
1683158400,2.62,2.42,2.82,2.2002,ok,317218.0,LICN,58.24619271527826,2.4800666666666666,786721.7878666667,39189432.0,0.0200748453783833
1683244800,2.42,2.55,2.61,2.23,ok,107660.0,LICN,58.96613559555831,2.4633333333333334,265202.4666666667,39297092.0,0.006748653734140599
1683504000,2.45,2.37,2.5899,2.35,ok,50601.0,LICN,55.37494299302887,2.4366333333333334,123296.0833,39347693.0,0.0031335022182876135
1683590400,2.395,2.7215,2.7699,2.3347,ok,277707.0,LICN,59.84228886348313,2.6087,724454.2509,39625400.0,0.01828257256456717
