t,o,c,h,l,s,v,Ticker,RSI,TP,Cumulative TP,Cumulative Volume,VWAP
1683057600,3.36,3.42,3.42,3.32,ok,5079,NIU,,3.3866666666666667,17200.88,5079,3.3866666666666667
1683118800,3.32,3.38,3.395,3.28,ok,28894,NIU,,3.3516666666666666,96843.05666666667,33973,2.8505888990276596
1683122400,3.37,3.425,3.425,3.35,ok,79606,NIU,,3.4,270660.39999999997,113579,2.3830144657022863
1683126000,3.415,3.41,3.435,3.39,ok,23652,NIU,,3.4116666666666666,80692.74,137231,0.5880066457287348
1683129600,3.41,3.42,3.435,3.395,ok,29519,NIU,,3.4166666666666665,100856.58333333333,166750,0.6048370814592703
1683133200,3.42,3.435,3.45,3.42,ok,14091,NIU,,3.435,48402.585,180841,0.2676527170276652
1683136800,3.45,3.48,3.49,3.45,ok,26262,NIU,,3.473333333333333,91216.68,207103,0.44044113315596584
1683140400,3.47,3.42,3.47,3.41,ok,41848,NIU,,3.4333333333333336,143678.13333333333,248951,0.5771341883878086
1683154800,3.5,3.5,3.5,3.5,ok,200,NIU,,3.5,700.0,249151,0.0028095412019217263
1683205200,3.41,3.495,3.51,3.37,ok,33094,NIU,,3.4583333333333335,114450.08333333334,282245,0.4054990640519171
1683208800,3.48,3.48,3.49,3.47,ok,20310,NIU,,3.4800000000000004,70678.8,302555,0.23360645171952207
1683212400,3.48,3.59,3.59,3.48,ok,52107,NIU,,3.5533333333333332,185153.54,354662,0.5220563240493766
1683216000,3.59,3.595,3.605,3.59,ok,35010,NIU,,3.596666666666667,125919.30000000002,389672,0.32314177051468934
1683219600,3.595,3.615,3.62,3.595,ok,10317,NIU,70.9677419354839,3.61,37244.369999999995,399989,0.09311348562085456
1683223200,3.615,3.59,3.615,3.58,ok,14135,NIU,67.34693877551018,3.595,50815.325000000004,414124,0.12270557852237494
1683226800,3.585,3.585,3.59,3.57,ok,23876,NIU,72.52747252747253,3.581666666666667,85515.87333333334,438000,0.1952417199391172
1683230400,3.52,3.52,3.52,3.52,ok,300,NIU,60.00000000000002,3.52,1056.0,438300,0.002409308692676249
1683291600,3.59,3.62,3.655,3.57,ok,18551,NIU,68.74999999999997,3.6149999999999998,67061.86499999999,456851,0.14679154691573398
1683295200,3.63,3.62,3.655,3.61,ok,38911,NIU,68.18181818181817,3.6283333333333334,141182.07833333334,495762,0.2847779344389714
1683298800,3.63,3.62,3.635,3.61,ok,17680,NIU,67.2897196261682,3.621666666666666,64031.06666666666,513442,0.12470944462406008
1683302400,3.62,3.62,3.655,3.61,ok,39973,NIU,64.28571428571428,3.6283333333333334,145035.36833333335,553415,0.2620734319332388
1683306000,3.62,3.605,3.625,3.6,ok,19445,NIU,70.78651685393255,3.61,70196.45,572860,0.12253683273400132
1683309600,3.61,3.625,3.63,3.6,ok,23736,NIU,66.2337662337662,3.6183333333333336,85884.76000000001,596596,0.14395798832040443
1683313200,3.62,3.6,3.625,3.6,ok,43295,NIU,62.96296296296294,3.608333333333333,156222.79166666666,639891,0.2441396920204639
1683532800,3.74,3.74,3.74,3.74,ok,188,NIU,74.52830188679243,3.74,703.12,640079,0.001098489405214044
1683550800,3.59,3.69,3.695,3.59,ok,25800,NIU,60.63829787234041,3.658333333333333,94385.0,665879,0.1417449716840447
1683554400,3.67,3.66,3.67,3.64,ok,12307,NIU,56.56565656565656,3.6566666666666667,45002.596666666665,678186,0.06635730709077843
1683558000,3.665,3.64,3.665,3.64,ok,4752,NIU,52.52525252525251,3.6483333333333334,17336.88,682938,0.025385730476265782
1683561600,3.64,3.665,3.675,3.63,ok,15278,NIU,57.57575757575759,3.6566666666666663,55866.55333333333,698216,0.08001328146781703
1683565200,3.665,3.685,3.71,3.665,ok,29760,NIU,59.80392156862746,3.686666666666667,109715.20000000001,727976,0.15071266085695134
1683568800,3.68,3.705,3.71,3.665,ok,19044,NIU,69.89247311827955,3.6933333333333334,70335.84,747020,0.09415523011432089
1683572400,3.71,3.71,3.715,3.7,ok,28294,NIU,62.16216216216214,3.7083333333333335,104923.58333333334,775314,0.13533043816225857
1683637200,3.6,3.68,3.685,3.6,ok,29833,NIU,57.50000000000001,3.655,109039.61499999999,805147,0.13542820751986903
1683640800,3.66,3.605,3.69,3.59,ok,43488,NIU,48.42105263157893,3.6283333333333334,157788.96,848635,0.18593265656024086
1683644400,3.605,3.615,3.62,3.6,ok,16232,NIU,49.48453608247423,3.611666666666667,58624.573333333334,864867,0.06778449557369322
1683648000,3.61,3.615,3.62,3.61,ok,11236,NIU,51.06382978723407,3.615,40618.14,876103,0.046362288452385166
1683651600,3.615,3.615,3.64,3.605,ok,15684,NIU,48.888888888888914,3.6199999999999997,56776.079999999994,891787,0.06366551654150598
1683655200,3.63,3.625,3.63,3.62,ok,10434,NIU,52.87356321839079,3.625,37823.25,902221,0.041922378219970496
1683658800,3.625,3.61,3.63,3.605,ok,24854,NIU,29.03225806451607,3.6149999999999998,89847.20999999999,927075,0.09691471563789336
1683723600,3.62,3.705,3.745,3.62,ok,46432,NIU,52.11267605633804,3.69,171334.08,973507,0.17599676222153512
1683727200,3.71,3.665,3.72,3.66,ok,57564,NIU,50.6849315068493,3.681666666666667,211931.46000000002,1031071,0.20554497216971482
1683730800,3.685,3.68,3.71,3.67,ok,22420,NIU,55.55555555555556,3.686666666666667,82655.06666666668,1053491,0.07845825609014855
1683734400,3.68,3.66,3.68,3.655,ok,23629,NIU,49.295774647887335,3.6650000000000005,86600.28500000002,1077120,0.08039984867052884
1683738000,3.67,3.67,3.67,3.64,ok,23019,NIU,47.82608695652172,3.66,84249.54000000001,1100139,0.07658081387897349
1683741600,3.67,3.655,3.68,3.655,ok,21744,NIU,42.647058823529385,3.6633333333333336,79655.52,1121883,0.0710016285120641
1683745200,3.66,3.66,3.68,3.63,ok,45738,NIU,42.647058823529456,3.6566666666666667,167248.62,1167621,0.14323879066923256
1683810000,3.63,3.64,3.68,3.62,ok,43461,NIU,43.93939393939395,3.646666666666667,158487.78,1211082,0.13086461527790852
1683813600,3.64,3.6,3.65,3.56,ok,70903,NIU,49.15254237288137,3.6033333333333335,255487.14333333334,1281985,0.19929027510722305
1683817200,3.595,3.59,3.595,3.56,ok,30789,NIU,45.76271186440673,3.581666666666667,110275.93500000001,1312774,0.08400222353581044
1683820800,3.585,3.595,3.595,3.57,ok,16901,NIU,46.66666666666668,3.5866666666666664,60618.25333333333,1329675,0.04558877419920908
1683824400,3.595,3.6,3.62,3.58,ok,26060,NIU,47.54098360655736,3.6,93816.0,1355735,0.0691993641825283
1683828000,3.605,3.61,3.61,3.59,ok,15472,NIU,47.54098360655736,3.603333333333333,55750.77333333333,1371207,0.04065817439185574
1683831600,3.605,3.605,3.62,3.6,ok,37702,NIU,49.15254237288137,3.608333333333334,136041.38333333336,1408909,0.09655796317103046
1683892800,3.61,3.61,3.61,3.61,ok,100,NIU,26.82926829268294,3.61,361.0,1409009,0.0002562084415358596
1683896400,3.54,3.44,3.54,3.395,ok,42354,NIU,16.41791044776123,3.4583333333333335,146474.25,1451363,0.10092185759179474
1683900000,3.44,3.36,3.44,3.33,ok,81356,NIU,10.0,3.3766666666666665,274712.0933333333,1532719,0.17923187050811878
1683903600,3.365,3.36,3.365,3.33,ok,67333,NIU,10.526315789473683,3.3516666666666666,225677.77166666667,1600052,0.14104402336090743
1683907200,3.355,3.365,3.37,3.35,ok,16956,NIU,9.33333333333347,3.361666666666667,57000.420000000006,1617008,0.03525054916240365
1683910800,3.37,3.37,3.39,3.365,ok,26641,NIU,10.958904109589142,3.375,89913.375,1643649,0.054703513341352074
1683914400,3.34,3.355,3.355,3.33,ok,36075,NIU,9.333333333333355,3.346666666666667,120731.00000000001,1679724,0.07187549859381662
1683918000,3.355,3.345,3.37,3.34,ok,38290,NIU,9.589041095890437,3.3516666666666666,128335.31666666667,1718014,0.07469980842220533
1684137600,3.37,3.37,3.37,3.37,ok,325,NIU,17.142857142857153,3.3699999999999997,1095.25,1718339,0.0006373887806771539
1684155600,3.385,3.435,3.45,3.37,ok,42069,NIU,30.864197530864203,3.4183333333333334,143805.865,1760408,0.08168894085916446
1684159200,3.435,3.445,3.46,3.43,ok,52455,NIU,31.707317073170657,3.4450000000000003,180707.475,1812863,0.09968071222149716
1684162800,3.46,3.455,3.485,3.455,ok,20025,NIU,32.530120481927696,3.465,69386.625,1832888,0.03785644567480392
1684166400,3.455,3.45,3.465,3.45,ok,14681,NIU,30.48780487804881,3.455,50722.855,1847569,0.027453835283012436
1684170000,3.46,3.47,3.47,3.43,ok,66704,NIU,34.11764705882355,3.456666666666667,230573.49333333335,1914273,0.12044963980233402
1684173600,3.465,3.44,3.465,3.44,ok,12520,NIU,31.11111111111113,3.448333333333333,43173.133333333324,1926793,0.02240673146172595
1684177200,3.445,3.43,3.46,3.43,ok,31618,NIU,48.27586206896556,3.44,108765.92,1958411,0.05553784164815251
1684184400,3.39,3.32,3.39,3.32,ok,4500,NIU,43.75,3.3433333333333333,15045.0,1962911,0.007664636858217209
1684224000,3.35,3.35,3.35,3.35,ok,1439,NIU,48.5714285714286,3.35,4820.650000000001,1964350,0.00245406877593097
1684231200,3.39,3.39,3.39,3.39,ok,101,NIU,53.24675324675324,3.39,342.39,1964451,0.00017429297040241775
1684238400,3.39,3.39,3.39,3.39,ok,443,NIU,52.631578947368425,3.39,1501.77,1964894,0.0007643007714411057
1684242000,3.36,3.49,3.49,3.36,ok,34683,NIU,64.51612903225808,3.4466666666666668,119540.74,1999577,0.05978301410748373
1684245600,3.47,3.5,3.5,3.44,ok,42716,NIU,66.66666666666663,3.48,148651.68,2042293,0.07278665695862445
1684249200,3.495,3.54,3.54,3.48,ok,108314,NIU,67.70833333333331,3.5199999999999996,381265.27999999997,2150607,0.1772826369485452
1684252800,3.54,3.5,3.54,3.485,ok,23126,NIU,57.14285714285714,3.5083333333333333,81133.71666666666,2173733,0.037324600890112386
1684256400,3.5,3.495,3.505,3.49,ok,16561,NIU,55.55555555555557,3.4966666666666666,57908.29666666667,2190294,0.026438595305774783
1684260000,3.495,3.505,3.505,3.495,ok,14532,NIU,55.55555555555553,3.5016666666666665,50886.219999999994,2204826,0.023079472030899488
1684263600,3.5,3.5,3.51,3.49,ok,87025,NIU,55.55555555555553,3.5,304587.5,2291851,0.13290021908055977
1684267200,3.51,3.51,3.51,3.51,ok,3151,NIU,54.5454545454545,3.51,11060.01,2295002,0.004819172270873838
1684328400,3.48,3.49,3.535,3.48,ok,14039,NIU,55.813953488372135,3.501666666666667,49159.89833333334,2309041,0.02129017992029303
1684332000,3.4825,3.505,3.51,3.48,ok,29520,NIU,58.620689655172406,3.4983333333333335,103270.8,2338561,0.044159977011504085
1684335600,3.5091,3.575,3.575,3.4907,ok,70215,NIU,82.27848101265835,3.5468999999999995,249045.58349999998,2408776,0.10339092696871771
1684339200,3.575,3.59,3.6,3.55,ok,36504,NIU,81.57894736842114,3.58,130684.32,2445280,0.05344349931296212
1684342800,3.59,3.67,3.71,3.59,ok,136184,NIU,83.33333333333343,3.6566666666666663,497979.4933333333,2581464,0.19290584464216168
1684346400,3.675,3.7179,3.74,3.6609,ok,126029,NIU,85.03953836289816,3.7062666666666666,467097.0817333333,2707493,0.1725201438132373
1684350000,3.71,3.73,3.75,3.7,ok,127827,NIU,81.57894736842114,3.7266666666666666,476368.62,2835320,0.16801229490851122
1684353600,3.74,3.77,3.77,3.74,ok,3112,NIU,82.92682926829278,3.76,11701.119999999999,2838432,0.004122388699112749
