t,o,c,h,l,s,v,Ticker,RSI,TP,Cumulative TP,Cumulative Volume,VWAP
1683057600,6.0,6.0,6.0,6.0,ok,4083,NL,,6.0,24498.0,4083,6.0
1683122400,6.3,6.25,6.3,6.25,ok,1886,NL,,6.266666666666667,11818.933333333332,5969,1.9800524934383201
1683129600,6.35,6.25,6.35,6.25,ok,778,NL,,6.283333333333334,4888.433333333334,6747,0.724534360950546
1683133200,6.25,6.25,6.25,6.25,ok,1809,NL,,6.25,11306.25,8556,1.3214410939691446
1683136800,6.25,6.285,6.37,6.25,ok,1304,NL,,6.301666666666667,8217.373333333333,9860,0.8334050033806626
1683140400,6.35,6.25,6.35,6.25,ok,1755,NL,,6.283333333333334,11027.250000000002,11615,0.9493973310374517
1683205200,6.18,6.18,6.18,6.18,ok,331,NL,,6.18,2045.58,11946,0.1712355600200904
1683208800,6.32,6.27,6.32,6.2,ok,6447,NL,,6.263333333333333,40379.71,18393,2.195384657206546
1683212400,6.205,6.205,6.205,6.19,ok,310,NL,,6.2,1922.0,18703,0.10276426241779393
1683226800,6.19,5.92,6.19,5.92,ok,6562,NL,,6.010000000000001,39437.62,25265,1.5609586384326144
1683291600,6.03,6.03,6.03,6.03,ok,100,NL,,6.03,603.0,25365,0.02377291543465405
1683298800,6.045,6.025,6.06,5.98,ok,2611,NL,,6.021666666666666,15722.571666666663,27976,0.5620021327804784
1683306000,5.95,5.95,5.95,5.95,ok,386,NL,,5.95,2296.7000000000003,28362,0.0809780692475848
1683313200,5.95,5.88,5.95,5.88,ok,1412,NL,44.49541284403669,5.903333333333333,8335.506666666666,29774,0.27995924856138465
1683550800,5.85,5.85,5.85,5.85,ok,1023,NL,43.303571428571416,5.849999999999999,5984.549999999998,30797,0.19432249894470235
1683554400,5.925,5.9,5.93,5.9,ok,2773,NL,30.978260869565275,5.91,16388.43,33570,0.4881867739052726
1683558000,5.85,5.82,5.85,5.82,ok,1143,NL,28.500000000000057,5.830000000000001,6663.690000000001,34713,0.19196525797251754
1683561600,5.8,5.8,5.8,5.8,ok,170,NL,27.941176470588275,5.8,986.0,34883,0.02826591749562824
1683565200,5.8,5.81,5.82,5.795,ok,2921,NL,26.13065326633168,5.808333333333334,16966.141666666666,37804,0.44879223538955315
1683568800,5.81,5.825,5.825,5.81,ok,479,NL,28.205128205128275,5.82,2787.78,38283,0.0728203118877831
1683576000,5.78,5.78,5.78,5.78,ok,3383,NL,28.9473684210527,5.78,19553.74,41666,0.4692972687563001
1683640800,5.84,5.84,5.84,5.84,ok,131,NL,26.63043478260876,5.84,765.04,41797,0.0183037060076082
1683644400,5.86,5.84,5.86,5.83,ok,3133,NL,28.65497076023395,5.843333333333334,18307.163333333334,44930,0.4074596780176571
1683648000,5.86,5.8,5.86,5.8,ok,9080,NL,40.16393442622953,5.82,52845.600000000006,54010,0.9784410294389929
1683655200,5.78,5.78,5.78,5.78,ok,105,NL,25.961538461538524,5.78,606.9,54115,0.011215005081770304
1683658800,5.76,5.76,5.77,5.75,ok,4365,NL,25.23364485981311,5.760000000000001,25142.4,58480,0.42993160054719565
1683723600,5.87,5.85,5.87,5.85,ok,304,NL,40.909090909090885,5.8566666666666665,1780.4266666666665,58784,0.030287606604971873
1683734400,5.78,5.79,5.79,5.78,ok,236,NL,41.66666666666669,5.786666666666666,1365.6533333333332,59020,0.023138822997853834
1683745200,5.75,5.78,5.81,5.75,ok,3650,NL,43.26923076923083,5.78,21097.0,62670,0.3366363491303654
1683810000,5.82,5.82,5.82,5.82,ok,247,NL,42.15686274509802,5.82,1437.54,62917,0.022848196830745265
1683824400,5.75,5.74,5.78,5.74,ok,1077,NL,42.15686274509802,5.753333333333333,6196.339999999999,63994,0.09682689002093946
1683831600,5.71,5.73,5.73,5.66,ok,997,NL,43.00000000000005,5.706666666666667,5689.546666666667,64991,0.08754360860221673
1683896400,5.59,5.59,5.59,5.59,ok,1256,NL,32.53968253968256,5.59,7021.04,66247,0.10598276148353887
1683900000,5.65,5.65,5.65,5.65,ok,607,NL,37.037037037037045,5.650000000000001,3429.5500000000006,66854,0.05129909953031981
1683903600,5.58,5.58,5.58,5.58,ok,417,NL,35.71428571428571,5.580000000000001,2326.8600000000006,67271,0.03458934756432936
1683907200,5.54,5.54,5.54,5.54,ok,189,NL,27.941176470588275,5.54,1047.06,67460,0.015521197746812926
1683910800,5.52,5.52,5.52,5.52,ok,487,NL,27.142857142857157,5.52,2688.24,67947,0.03956377765022738
1683914400,5.54,5.54,5.54,5.54,ok,159,NL,30.88235294117653,5.54,880.86,68106,0.012933662232402431
1683921600,5.63,5.63,5.63,5.63,ok,1358,NL,40.0,5.63,7645.54,69464,0.1100647817574571
1684170000,5.73,5.7,5.73,5.7,ok,800,NL,46.25000000000003,5.71,4568.0,70264,0.06501195491289992
1684177200,5.65,5.64,5.65,5.63,ok,1000,NL,36.36363636363641,5.640000000000001,5640.000000000001,71264,0.07914234396048497
1684245600,5.635,5.635,5.635,5.635,ok,200,NL,39.16083916083918,5.635000000000001,1127.0000000000002,71464,0.015770177991716112
1684249200,5.615,5.615,5.615,5.615,ok,200,NL,38.62068965517245,5.614999999999999,1122.9999999999998,71664,0.01567035052467068
1684252800,5.6,5.61,5.61,5.6,ok,320,NL,34.78260869565223,5.6066666666666665,1794.1333333333332,71984,0.024924057197895828
1684260000,5.56,5.555,5.56,5.53,ok,1259,NL,36.09022556390979,5.548333333333333,6985.3516666666665,73243,0.0953722767590987
1684263600,5.53,5.57,5.57,5.53,ok,1618,NL,38.05970149253737,5.5566666666666675,8990.686666666668,74861,0.12009840459874525
1684267200,5.54,5.54,5.54,5.54,ok,2160,NL,45.53571428571433,5.54,11966.4,77021,0.15536541982056842
1684328400,5.56,5.56,5.56,5.56,ok,167,NL,41.34615384615382,5.56,928.52,77188,0.012029330984090791
1684335600,5.6901,5.62,5.75,5.61,ok,7772,NL,53.92156862745097,5.66,43989.520000000004,84960,0.5177674199623352
1684339200,5.58,5.57,5.58,5.57,ok,460,NL,52.8846153846154,5.573333333333333,2563.733333333333,85420,0.0300132677749161
1684342800,5.58,5.59,5.59,5.58,ok,180,NL,56.73076923076924,5.586666666666666,1005.5999999999999,85600,0.011747663551401869
1684346400,5.58,5.57,5.58,5.57,ok,455,NL,52.8846153846154,5.573333333333333,2535.866666666667,86055,0.029467975906881258
1684350000,5.58,5.655,5.69,5.58,ok,2484,NL,52.427184466019455,5.641666666666667,14013.9,88539,0.1582794022972927
1684353600,5.64,5.64,5.64,5.64,ok,1979,NL,43.478260869565176,5.64,11161.56,90518,0.12330762942177247
