t,o,c,h,l,s,v,Ticker,RSI,TP,Cumulative TP,Cumulative Volume,VWAP
1683057600,3.58,3.58,3.58,3.58,ok,1698,SKYX,,3.58,6078.84,1698,3.58
1683118800,3.6,3.68,3.68,3.59,ok,1488,SKYX,,3.65,5431.2,3186,1.7047080979284368
1683122400,3.62,3.55,3.68,3.52,ok,18056,SKYX,,3.5833333333333335,64700.66666666667,21242,3.045883940620783
1683126000,3.52,3.58,3.58,3.5,ok,9357,SKYX,,3.5533333333333332,33248.54,30599,1.086589104219092
1683129600,3.53,3.49,3.57,3.48,ok,2574,SKYX,,3.513333333333333,9043.32,33173,0.27261085822807707
1683133200,3.52,3.6,3.6,3.52,ok,5348,SKYX,,3.5733333333333337,19110.18666666667,38521,0.49609788600157495
1683136800,3.59,3.615,3.65,3.56,ok,9869,SKYX,,3.608333333333333,35610.64166666666,48390,0.7359091065647172
1683140400,3.61,3.54,3.61,3.51,ok,13183,SKYX,,3.5533333333333332,46843.59333333333,61573,0.7607814031041744
1683151200,3.52,3.52,3.52,3.52,ok,600,SKYX,,3.52,2112.0,62173,0.03396972962540009
1683205200,3.56,3.55,3.57,3.55,ok,2071,SKYX,,3.556666666666666,7365.856666666666,64244,0.11465439055268455
1683208800,3.5,3.43,3.5,3.43,ok,55647,SKYX,,3.453333333333333,192167.63999999998,119891,1.602852924739972
1683212400,3.42,3.47,3.47,3.4,ok,19477,SKYX,,3.4466666666666668,67130.72666666667,139368,0.4816796299485296
1683216000,3.45,3.46,3.46,3.45,ok,2032,SKYX,,3.456666666666667,7023.946666666668,141400,0.04967430457331448
1683219600,3.45,3.45,3.46,3.44,ok,3595,SKYX,41.66666666666667,3.4500000000000006,12402.750000000002,144995,0.08553915652263873
1683223200,3.44,3.43,3.45,3.43,ok,6436,SKYX,40.625000000000014,3.436666666666667,22118.38666666667,151431,0.14606247509866982
1683226800,3.43,3.42,3.44,3.4,ok,26017,SKYX,31.690140845070417,3.42,88978.14,177448,0.5014321942202786
1683291600,3.46,3.4,3.48,3.37,ok,10972,SKYX,37.5,3.4166666666666665,37487.666666666664,188420,0.1989580016275696
1683295200,3.4,3.4,3.43,3.4,ok,4945,SKYX,34.21052631578945,3.41,16862.45,193365,0.08720528534119412
1683298800,3.37,3.36,3.4,3.36,ok,3839,SKYX,37.49999999999997,3.373333333333333,12950.226666666666,197204,0.065669188589819
1683302400,3.38,3.44,3.48,3.38,ok,8176,SKYX,33.673469387755105,3.433333333333333,28070.93333333333,205380,0.13667802772097248
1683306000,3.48,3.425,3.48,3.425,ok,1750,SKYX,30.612244897959144,3.443333333333333,6025.833333333333,207130,0.029092035597611806
1683309600,3.41,3.45,3.45,3.41,ok,3095,SKYX,39.7727272727273,3.436666666666667,10636.483333333334,210225,0.050595710944622826
1683313200,3.44,3.44,3.46,3.43,ok,6501,SKYX,40.697674418604656,3.4433333333333334,22385.11,216726,0.10328760739366759
1683316800,3.39,3.38,3.39,3.38,ok,236,SKYX,31.521739130434824,3.383333333333333,798.4666666666666,216962,0.003680214353972892
1683550800,3.45,3.47,3.47,3.41,ok,10844,SKYX,54.65116279069766,3.4500000000000006,37411.80000000001,227806,0.1642265787556079
1683554400,3.47,3.45,3.51,3.45,ok,9503,SKYX,47.560975609756106,3.47,32975.41,237309,0.1389555811199744
1683558000,3.49,3.43,3.49,3.43,ok,3593,SKYX,46.428571428571466,3.4499999999999997,12395.849999999999,240902,0.0514559862516708
1683561600,3.415,3.45,3.48,3.41,ok,27691,SKYX,50.0,3.4466666666666668,95441.64666666667,268593,0.35533929278375337
1683565200,3.41,3.4,3.415,3.4,ok,1418,SKYX,46.7391304347826,3.405,4828.29,270011,0.017881827036676283
1683568800,3.37,3.36,3.395,3.36,ok,7555,SKYX,43.87755102040818,3.3716666666666666,25472.941666666666,277566,0.09177255739776005
1683572400,3.34,3.5,3.51,3.34,ok,11592,SKYX,58.19672131147539,3.4499999999999997,39992.399999999994,289158,0.13830639304463302
1683637200,3.49,3.5,3.5,3.38,ok,13521,SKYX,58.19672131147539,3.4599999999999995,46782.659999999996,302679,0.15456196168217815
1683640800,3.46,3.49,3.5,3.46,ok,4425,SKYX,61.20689655172414,3.483333333333333,15413.749999999998,307104,0.050190652026675
1683644400,3.48,3.42,3.49,3.42,ok,11937,SKYX,48.245614035087726,3.4433333333333334,41103.07,319041,0.1288331907184343
1683648000,3.41,3.43,3.44,3.4,ok,6791,SKYX,50.442477876106224,3.4233333333333333,23247.856666666667,325832,0.07134921268220024
1683651600,3.4,3.41,3.41,3.38,ok,4991,SKYX,46.42857142857143,3.4,16969.399999999998,330823,0.051294498870997476
1683655200,3.41,3.36,3.41,3.32,ok,61818,SKYX,43.33333333333334,3.3633333333333333,207914.54,392641,0.5295283477782504
1683658800,3.33,3.33,3.39,3.25,ok,61233,SKYX,45.61403508771932,3.3233333333333337,203497.67,453874,0.44835718723698653
1683723600,3.3,3.29,3.37,3.25,ok,6013,SKYX,32.69230769230771,3.3033333333333332,19862.943333333333,459887,0.04319092153797201
1683727200,3.26,3.2,3.26,3.1,ok,50394,SKYX,28.813559322033925,3.186666666666666,160588.87999999998,510281,0.3147067596089213
1683730800,3.18,3.15,3.18,3.11,ok,47776,SKYX,27.41935483870969,3.1466666666666665,150335.14666666667,558057,0.2693903072027887
1683734400,3.14,3.165,3.165,3.14,ok,23121,SKYX,26.829268292682958,3.1566666666666663,72985.29,581178,0.12558164624263132
1683738000,3.18,3.12,3.18,3.07,ok,32249,SKYX,27.049180327868896,3.1233333333333335,100724.37666666668,613427,0.16419945106209324
1683741600,3.15,3.16,3.18,3.14,ok,4080,SKYX,33.606557377049214,3.16,12892.800000000001,617507,0.02087879165742251
1683745200,3.14,3.17,3.17,3.11,ok,16166,SKYX,15.625000000000028,3.15,50922.9,633673,0.08036147981687716
1683810000,3.16,3.19,3.19,3.11,ok,28033,SKYX,19.00000000000003,3.1633333333333336,88677.72333333334,661706,0.1340137815485024
1683813600,3.1,3.09,3.19,2.9,ok,62440,SKYX,16.101694915254242,3.06,191066.4,724146,0.2638506599497891
1683817200,3.13,3.1,3.16,3.06,ok,12759,SKYX,19.811320754717045,3.106666666666667,39637.96000000001,736905,0.05378978294352733
1683820800,3.1,3.07,3.1,3.06,ok,6820,SKYX,17.27272727272728,3.0766666666666667,20982.866666666665,743725,0.028213206046141606
1683824400,3.07,3.11,3.13,3.07,ok,3497,SKYX,23.684210526315795,3.103333333333333,10852.356666666667,747222,0.01452360431928753
1683828000,3.1,3.08,3.1,3.06,ok,4172,SKYX,24.54545454545457,3.08,12849.76,751394,0.017101227851167296
1683831600,3.07,3.07,3.11,3.05,ok,16961,SKYX,25.47169811320757,3.0766666666666667,52183.34333333333,768355,0.06791566832171761
1683896400,3.11,3.23,3.26,3.11,ok,3988,SKYX,45.384615384615394,3.1999999999999997,12761.599999999999,772343,0.016523228669127574
1683900000,3.2,3.17,3.2,3.17,ok,7440,SKYX,47.58064516129031,3.1799999999999997,23659.199999999997,779783,0.03034074864417408
1683903600,3.16,3.185,3.21,3.16,ok,6390,SKYX,52.991452991453,3.185,20352.15,786173,0.025887622698820743
1683907200,3.17,3.24,3.24,3.16,ok,7563,SKYX,56.000000000000014,3.2133333333333334,24302.44,793736,0.030617787274358224
1683910800,3.26,3.3,3.3,3.23,ok,5418,SKYX,64.06249999999997,3.276666666666666,17752.979999999996,799154,0.022214717063294427
1683914400,3.26,3.18,3.26,3.17,ok,5121,SKYX,51.388888888888886,3.203333333333333,16404.27,804275,0.02039634453389699
1683918000,3.19,3.18,3.2,3.12,ok,13809,SKYX,50.70422535211269,3.1666666666666665,43728.5,818084,0.05345233496804729
1684155600,3.19,3.23,3.23,3.11,ok,571,SKYX,52.7027027027027,3.19,1821.49,818655,0.002224978776163341
1684159200,3.23,3.19,3.24,3.18,ok,8739,SKYX,57.352941176470594,3.203333333333333,27993.929999999997,827394,0.033833856663210024
1684162800,3.195,3.21,3.25,3.17,ok,7689,SKYX,57.97101449275361,3.2099999999999995,24681.689999999995,835083,0.029555972280599647
1684166400,3.21,3.29,3.29,3.17,ok,5894,SKYX,64.86486486486488,3.25,19155.5,840977,0.02277767406242977
1684170000,3.27,3.2,3.29,3.2,ok,11329,SKYX,55.69620253164559,3.2300000000000004,36592.670000000006,852306,0.04293372333410771
1684173600,3.21,3.3,3.31,3.2,ok,22253,SKYX,62.7906976744186,3.2699999999999996,72767.31,874559,0.08320457510585334
1684177200,3.29,3.32,3.34,3.28,ok,36868,SKYX,64.36781609195404,3.313333333333333,122155.97333333333,911427,0.13402716107086288
1684242000,3.35,3.35,3.35,3.3,ok,10994,SKYX,58.10810810810813,3.3333333333333335,36646.66666666667,922421,0.03972878616886072
1684245600,3.36,3.36,3.36,3.36,ok,1143,SKYX,63.768115942029006,3.36,3840.48,923564,0.004158325790091428
1684249200,3.35,3.29,3.35,3.28,ok,3762,SKYX,57.04697986577182,3.3066666666666666,12439.68,927326,0.01341457049624404
1684252800,3.29,3.275,3.29,3.25,ok,1670,SKYX,52.48226950354608,3.2716666666666665,5463.683333333333,928996,0.005881277565601287
1684256400,3.3,3.33,3.33,3.3,ok,2106,SKYX,52.14285714285716,3.3200000000000003,6991.920000000001,931102,0.00750929543701979
1684260000,3.3,3.24,3.3,3.24,ok,2988,SKYX,54.47761194029851,3.2600000000000002,9740.880000000001,934090,0.010428202849832459
1684263600,3.255,3.26,3.29,3.2,ok,36036,SKYX,55.79710144927535,3.25,117117.0,970126,0.12072349364927855
1684328400,3.21,3.2647,3.28,3.21,ok,520,SKYX,52.69117418954553,3.2515666666666667,1690.8146666666667,970646,0.00174194780246008
1684332000,3.26,3.25,3.287,3.2,ok,5489,SKYX,54.84339683564741,3.2456666666666667,17815.464333333333,976135,0.018251025046057495
1684335600,3.249,3.239,3.25,3.2015,ok,3036,SKYX,52.37549148099607,3.230166666666667,9806.786,979171,0.01001539669781887
1684339200,3.23,3.29,3.29,3.2,ok,9531,SKYX,50.0,3.2600000000000002,31071.06,988702,0.03142611221581427
1684342800,3.29,3.267,3.29,3.225,ok,8560,SKYX,56.512441679626725,3.260666666666667,27911.306666666667,997262,0.02798793763992478
1684346400,3.27,3.25,3.27,3.22,ok,18144,SKYX,44.204914232730665,3.2466666666666666,58907.52,1015406,0.05801376001323608
1684350000,3.23,3.25,3.27,3.21,ok,20067,SKYX,41.49246475449686,3.2433333333333336,65083.97000000001,1035473,0.06285433806579216
