t,o,c,h,l,s,v,Ticker,RSI,TP,Cumulative TP,Cumulative Volume,VWAP
1676505600,10.77,10.75,13.9999,6.9501,ok,194171.0,VGAS,,10.566666666666666,2051740.2333333334,194171.0,10.566666666666666
1676592000,10.9,11.15,12.78,8.0,ok,157158.0,VGAS,,10.643333333333333,1672684.98,351329.0,4.761021663455052
1676937600,10.7,11.53,12.79,9.6,ok,89514.0,VGAS,,11.306666666666667,1012104.96,440843.0,2.2958399248712125
1677024000,10.8,11.9,12.7,10.52,ok,175980.0,VGAS,,11.706666666666665,2060139.1999999997,616823.0,3.3399195555288954
1677110400,11.9,15.25,21.0,11.51,ok,165835.0,VGAS,,15.92,2640093.2,782658.0,3.3732399081080118
1677196800,14.84,14.8,15.3,13.21,ok,46372.0,VGAS,,14.436666666666667,669457.1066666667,829030.0,0.8075185538118846
1677456000,15.2,12.32,15.2,11.7006,ok,60093.0,VGAS,,13.073533333333332,785627.8385999999,889123.0,0.8835986006435554
1677542400,10.48,11.7,12.8,10.26,ok,24312.0,VGAS,,11.586666666666668,281695.04000000004,913435.0,0.30839089809346043
1677628800,11.54,10.2,12.11,9.31,ok,137994.0,VGAS,,10.540000000000001,1454456.7600000002,1051429.0,1.3833142894099366
1677715200,10.0,9.08,10.382,9.0,ok,40443.0,VGAS,,9.487333333333332,383696.22199999995,1091872.0,0.35141135774156673
1677801600,9.0,8.99,9.275,8.5021,ok,19645.0,VGAS,,8.922366666666667,175279.89316666668,1111517.0,0.1576942981228957
1678060800,8.965,9.0,10.0,8.5619,ok,61501.0,VGAS,,9.1873,565028.1373000001,1173018.0,0.4816875250848666
1678147200,9.0,8.8958,9.0,8.51,ok,2572.0,VGAS,,8.801933333333332,22638.572533333332,1175590.0,0.019257200668033356
1678233600,8.82,9.035,9.035,8.82,ok,2689.0,VGAS,42.21403018141537,8.963333333333333,24102.403333333332,1178279.0,0.020455599508548767
1678320000,8.97,8.7501,9.68,8.7501,ok,10702.0,VGAS,41.149553472646325,9.060066666666666,96960.83346666666,1188981.0,0.0815495230509711
1678406400,8.69,8.55,8.775,8.55,ok,4610.0,VGAS,38.28659987025157,8.625000000000002,39761.25000000001,1193591.0,0.03331229039092956
1678665600,8.74,8.5,9.305,8.5,ok,3719.0,VGAS,35.93105753872442,8.768333333333333,32609.431666666664,1197310.0,0.027235579479555558
1678752000,8.54,7.25,9.35,7.13,ok,49006.0,VGAS,30.04017719171732,7.91,387637.46,1246316.0,0.3110266256711781
1678838400,7.51,7.9,8.23,6.92,ok,15072.0,VGAS,8.931205578650932,7.683333333333334,115803.2,1261388.0,0.09180616907723872
1678924800,8.4042,8.55,9.68,8.0492,ok,25110.0,VGAS,15.841021380787907,8.759733333333333,219956.904,1286498.0,0.1709733742298861
1679011200,9.3,7.8,9.5262,6.95,ok,48583.0,VGAS,19.53520974873288,8.092066666666666,393136.8748666666,1335081.0,0.29446668394402037
1679270400,7.68,6.58,7.69,6.29,ok,49175.0,VGAS,18.073431108450578,6.853333333333334,337012.66666666674,1384256.0,0.24346122875152193
1679356800,6.83,6.64,8.2,6.48,ok,31165.0,VGAS,22.941748753496316,7.1066666666666665,221479.26666666666,1415421.0,0.15647589421569036
1679443200,7.18,6.3,9.3949,6.2,ok,236642.0,VGAS,26.0278697571744,7.2983,1727084.3086,1652063.0,1.0454106826434586
1679529600,6.18,6.2,6.901,6.0,ok,61745.0,VGAS,25.98305901797397,6.367,393130.415,1713808.0,0.2293899987629886
1679616000,6.36,6.44,9.0,6.2983,ok,396462.0,VGAS,28.802331743508237,7.246100000000001,2872803.2982000005,2110270.0,1.3613439503949734
1679875200,6.21,6.99,7.12,5.91,ok,55367.0,VGAS,35.304278091360544,6.673333333333335,369482.4466666667,2165637.0,0.1706114398057785
1679961600,6.84,7.06,7.4799,6.59,ok,62380.0,VGAS,34.606391270459866,7.0432999999999995,439361.05399999995,2228017.0,0.19719825028265042
1680048000,7.41,7.2,7.74,6.85,ok,17910.0,VGAS,37.6389531267444,7.263333333333333,130086.29999999999,2245927.0,0.05792098318422637
1680134400,7.2,7.085,7.7399,6.8301,ok,14910.0,VGAS,38.1568310428456,7.218333333333334,107625.35,2260837.0,0.04760420587596541
1680220800,7.09,6.81,7.35,6.71,ok,11018.0,VGAS,36.81747269890796,6.956666666666666,76648.55333333333,2271855.0,0.03373831223090089
1680480000,7.1018,6.79,7.1018,6.5,ok,12425.0,VGAS,45.55984555984556,6.797266666666666,84456.03833333333,2284280.0,0.036972717150845484
1680566400,6.71,6.85,7.1499,6.53,ok,2844.0,VGAS,38.562091503267965,6.843299999999999,19462.345199999996,2287124.0,0.008509527773745541
1680652800,6.88,6.41,6.88,6.4,ok,8563.0,VGAS,25.57077625570776,6.5633333333333335,56201.823333333334,2295687.0,0.024481483465878986
1680739200,6.5,6.14,7.2,6.1,ok,88820.0,VGAS,28.7179487179487,6.48,575553.6000000001,2384507.0,0.24137215785065846
1681084800,6.98,6.42,6.98,6.3,ok,15177.0,VGAS,47.2972972972973,6.566666666666667,99662.3,2399684.0,0.04153142663784065
1681171200,6.64,6.33,6.97,6.33,ok,13602.0,VGAS,44.8160535117057,6.543333333333334,89002.42000000001,2413286.0,0.036880179141635105
1681257600,6.41,6.36,6.68,6.36,ok,7325.0,VGAS,51.11940298507464,6.466666666666666,47368.33333333333,2420611.0,0.01956875075480254
1681344000,6.39,6.41,6.8786,6.39,ok,4025.0,VGAS,53.99239543726236,6.559533333333333,26402.121666666666,2424636.0,0.010889107340923201
1681430400,6.79,6.3,6.79,6.147,ok,3345.0,VGAS,47.19999999999999,6.412333333333334,21449.255,2427981.0,0.008834193924911275
1681689600,6.4,6.88,6.98,6.31,ok,21059.0,VGAS,47.826086956521735,6.723333333333333,141586.67666666667,2449040.0,0.05781313358159387
1681776000,6.64,5.86,6.64,5.4,ok,13513.0,VGAS,32.75862068965519,5.966666666666666,80627.56666666665,2462553.0,0.03274145436328341
1681862400,6.02,5.2,6.295,5.1801,ok,13157.0,VGAS,25.0,5.558366666666667,73131.43023333333,2475710.0,0.02953957863939368
1681948800,5.36,5.18,5.5355,5.18,ok,6954.0,VGAS,25.60819462227913,5.2985,36845.769,2482664.0,0.01484122257381587
1682035200,5.18,5.1,5.6194,5.1,ok,8546.0,VGAS,26.954177897574112,5.273133333333333,45064.197466666665,2491210.0,0.018089280898305107
1682294400,5.3,5.1,5.3,5.1,ok,2653.0,VGAS,27.100271002710016,5.166666666666666,13707.166666666664,2493863.0,0.005496359129056674
1682380800,5.2,5.0,5.2,4.9,ok,7132.0,VGAS,25.201072386058986,5.033333333333334,35897.73333333334,2500995.0,0.014353380687819583
1682467200,4.91,4.78,5.3599,4.75,ok,6519.0,VGAS,26.780626780626772,4.9633,32355.7527,2507514.0,0.01290351826550121
1682553600,4.92,4.76,5.41,4.7346,ok,2723.0,VGAS,28.834355828220865,4.9682,13528.4086,2510237.0,0.005389295353386951
1682640000,4.6001,5.26,5.64,4.6001,ok,15237.0,VGAS,33.33333333333333,5.1667,78725.0079,2525474.0,0.03117236918693283
1682899200,5.28,5.11,5.64,4.74,ok,13095.0,VGAS,32.7683615819209,5.163333333333333,67613.84999999999,2538569.0,0.026634631558173125
1682985600,5.59,5.475,5.9,5.3,ok,3077.0,VGAS,38.58064516129031,5.558333333333333,17102.991666666665,2541646.0,0.006729100616949278
1683072000,5.46,5.11,5.85,5.0437,ok,20033.0,VGAS,34.48687350835323,5.3345666666666665,106867.37403333333,2561679.0,0.04171770703251006
1683158400,5.05,5.0,5.8,4.65,ok,23295.0,VGAS,34.48687350835323,5.1499999999999995,119969.24999999999,2584974.0,0.04641023468708002
1683244800,4.94,5.09,5.11,4.94,ok,2992.0,VGAS,25.810810810810796,5.046666666666667,15099.626666666667,2587966.0,0.005834553725461102
1683504000,4.98,4.98,4.98,4.98,ok,927.0,VGAS,34.22939068100358,4.98,4616.46,2588893.0,0.001783179142591061
1683590400,4.78,4.6,5.44,4.6,ok,18080.0,VGAS,38.04780876494021,4.88,88230.4,2606973.0,0.03384400222019944
