t,o,c,h,l,s,v,Ticker,RSI,TP,Cumulative TP,Cumulative Volume,VWAP,Price % Change,Spike
1652140800,8.84,8.04,9.13,7.99,ok,355046.0,VWE,,8.386666666666667,2977652.453333333,355046.0,8.386666666666667,,0.0
1652227200,8.09,7.83,8.39,7.75,ok,240260.0,VWE,,7.989999999999999,1919677.4,595306.0,3.224690159346621,,0.0
1652313600,7.7,7.83,8.28,7.7,ok,392590.0,VWE,,7.936666666666667,3115855.966666667,987896.0,3.154032374527953,,0.0
1652400000,7.96,7.99,8.32,7.96,ok,354205.0,VWE,,8.090000000000002,2865518.4500000007,1342101.0,2.135098960510424,,0.0
1652659200,7.91,8.62,8.9,7.91,ok,625118.0,VWE,,8.476666666666667,5298916.913333333,1967219.0,2.693608039233727,,0.0
1652745600,8.72,8.0,8.85,7.76,ok,480642.0,VWE,,8.203333333333333,3942866.54,2447861.0,1.6107395558816453,,0.0
1652832000,7.99,7.56,8.08,7.48,ok,318695.0,VWE,,7.706666666666667,2456076.1333333333,2766556.0,0.8877738724006792,-0.05970149253731338,0.0
1652918400,7.48,7.68,7.9,7.48,ok,229943.0,VWE,,7.686666666666667,1767495.1933333336,2996499.0,0.5898534233895402,-0.019157088122605415,0.0
1653004800,7.75,7.92,8.035,7.635,ok,171288.0,VWE,,7.863333333333333,1346894.64,3167787.0,0.4251847235941052,0.011494252873563093,0.0
1653264000,8.0,7.91,8.08,7.86,ok,222923.0,VWE,,7.95,1772237.85,3390710.0,0.5226745578359695,-0.010012515644555742,0.0
1653350400,7.91,7.65,7.985,7.6,ok,284855.0,VWE,,7.745,2206201.975,3675565.0,0.6002347870327419,-0.11252900232018548,0.0
1653436800,7.64,8.22,8.39,7.58,ok,220906.0,VWE,,8.063333333333334,1781238.7133333336,3896471.0,0.4571415296901565,0.02750000000000008,0.0
1653523200,8.22,8.68,8.84,8.22,ok,230248.0,VWE,,8.58,1975527.84,4126719.0,0.478716345842787,0.14814814814814814,0.0
1653609600,8.72,8.65,8.98,8.3901,ok,184750.0,VWE,58.13333333333336,8.673366666666666,1602404.4916666667,4311469.0,0.3716609099280701,0.12630208333333348,0.0
1653955200,8.52,8.92,9.0,8.295,ok,593475.0,VWE,60.94527363184081,8.738333333333335,5185982.375000001,4904944.0,1.0572969589459127,0.1262626262626263,0.0
1654041600,8.93,8.9,9.07,8.74,ok,243921.0,VWE,63.96866840731072,8.903333333333334,2171709.97,5148865.0,0.421784212637154,0.1251580278128952,0.0
1654128000,8.84,9.55,9.65,8.84,ok,215811.0,VWE,69.19642857142858,9.346666666666668,2017113.48,5364676.0,0.3759991246442469,0.24836601307189543,0.0
1654214400,9.4,9.29,9.7,9.16,ok,237686.0,VWE,64.19213973799125,9.383333333333333,2230286.9666666663,5602362.0,0.3980976178737944,0.13017031630170295,0.0
1654473600,9.47,9.38,9.74,9.14,ok,296919.0,VWE,59.40594059405943,9.420000000000002,2796976.9800000004,5899281.0,0.4741216734717333,0.08064516129032273,0.0
1654560000,9.28,9.02,9.395,8.72,ok,271121.0,VWE,63.49206349206348,9.045,2452289.445,6170402.0,0.3974278247997456,0.04277456647398825,0.0
1654646400,9.08,9.09,9.77,9.06,ok,370950.0,VWE,72.43401759530789,9.306666666666668,3452308.0,6541352.0,0.527766736906988,0.01905829596412545,0.0
1654732800,9.09,9.11,9.24,8.91,ok,287544.0,VWE,71.60120845921448,9.086666666666666,2612816.48,6828896.0,0.3826118423827219,0.02359550561797752,0.0
1654819200,8.98,9.14,9.3513,8.94,ok,155359.0,VWE,69.67741935483869,9.143766666666666,1420566.4455666663,6984255.0,0.2033955583761856,-0.04293193717277488,0.0
1655078400,8.97,8.73,8.98,8.66,ok,237266.0,VWE,61.7142857142857,8.790000000000001,2085568.14,7221521.0,0.2887990133934389,-0.060279870828848114,0.0
1655164800,8.67,8.81,8.82,8.585,ok,187024.0,VWE,67.46987951807228,8.738333333333335,1634278.0533333337,7408545.0,0.2205936595287379,-0.06076759061833692,0.0
1655251200,8.85,9.17,9.23,8.81,ok,297821.0,VWE,65.27331189710608,9.07,2701236.47,7706366.0,0.3505201375070948,0.016629711751662946,0.0
1655337600,8.92,8.89,9.26,8.7,ok,393686.0,VWE,53.58361774744029,8.950000000000001,3523489.7000000007,8100052.0,0.4349959358285602,-0.022002200220021972,0.0
1655424000,8.82,9.11,9.318,8.82,ok,321782.0,VWE,57.37179487179485,9.082666666666666,2922638.6453333334,8421834.0,0.3470311389815251,0.0,0.0
1655769600,9.09,9.1,9.61,8.97,ok,324205.0,VWE,53.14685314685314,9.226666666666668,2991331.466666667,8746039.0,0.3420212814814417,-0.004376367614879806,0.0
1655856000,9.02,9.09,9.25,8.72,ok,275189.0,VWE,53.33333333333332,9.02,2482204.78,9021228.0,0.2751515403446182,0.04123711340206171,0.0
1655942400,9.1,9.43,9.53,9.1,ok,324809.0,VWE,47.63779527559053,9.353333333333332,3038046.8466666667,9346037.0,0.3250625742939672,0.07037457434733252,0.0
1656028800,9.45,9.0,9.91,8.96,ok,3817753.0,VWE,44.64944649446497,9.29,35466925.370000005,13163790.0,2.694279183274726,-0.018538713195201728,0.0
1656288000,9.11,8.35,9.13,7.96,ok,487271.0,VWE,34.25076452599386,8.479999999999999,4132058.079999999,13651061.0,0.3026913497785995,-0.06074240719910018,0.0
1656374400,8.33,8.39,8.57,8.09,ok,338287.0,VWE,39.3220338983051,8.35,2824696.45,13989348.0,0.2019176626387448,-0.07903402854006569,0.0
1656460800,8.35,8.07,8.35,7.9,ok,205956.0,VWE,34.0625,8.106666666666667,1669616.64,14195304.0,0.1176175332349346,-0.11318681318681312,0.0
1656547200,8.01,7.86,8.0317,7.66,ok,274434.0,VWE,31.56342182890856,7.850566666666666,2154462.4126,14469738.0,0.1488943623305411,-0.13531353135313529,0.0
1656633600,7.81,7.47,7.81,7.16,ok,468344.0,VWE,27.73333333333332,7.479999999999999,3503213.12,14938082.0,0.2345155904218493,-0.20784729586426298,0.0
1656979200,7.31,7.7,7.81,7.25,ok,261252.0,VWE,35.57422969187674,7.586666666666666,1982031.84,15199334.0,0.1304025452694177,-0.14444444444444438,0.0
1657065600,7.61,7.51,7.75,7.49,ok,145010.0,VWE,32.33695652173911,7.583333333333333,1099659.1666666665,15344344.0,0.0716654401561035,-0.10059880239520957,0.0
1657152000,7.51,7.63,7.74,7.51,ok,173491.0,VWE,27.616279069767444,7.626666666666666,1323158.0266666666,15517835.0,0.0852669220072688,-0.09058402860548276,0.0
1657238400,7.56,7.78,7.9098,7.55,ok,135612.0,VWE,33.23262839879155,7.7466,1050531.9192,15653447.0,0.0671118584424248,-0.035935563816604676,0.0
1657497600,7.77,7.48,7.85,7.46,ok,110260.0,VWE,25.958702064896784,7.596666666666667,837608.4666666667,15763707.0,0.0531352471006132,-0.0483460559796437,0.0
1657584000,7.54,7.39,7.59,7.26,ok,112323.0,VWE,25.36023054755045,7.413333333333333,832687.84,15876030.0,0.0524493743083125,-0.010709504685408322,0.0
1657670400,7.41,7.47,7.59,7.27,ok,146563.0,VWE,27.11864406779664,7.443333333333332,1090917.2633333332,16022593.0,0.0680861870068929,-0.029870129870129936,0.0
1657756800,7.51,7.37,7.53,7.22,ok,152717.0,VWE,18.787878787878824,7.373333333333334,1126033.346666667,16175310.0,0.069614328669229,-0.018641810918774926,0.0
1657843200,7.51,7.63,7.64,7.415,ok,88439.0,VWE,28.115015974440908,7.561666666666666,668746.2383333333,16263749.0,0.0411188243456864,0.0,0.0
1658102400,7.73,7.57,7.87,7.57,ok,85612.0,VWE,34.645669291338606,7.670000000000001,656644.04,16349361.0,0.040163284669046,-0.02699228791773778,0.0
1658188800,7.68,7.78,7.96,7.66,ok,133705.0,VWE,38.74538745387454,7.800000000000001,1042899.0,16483066.0,0.0632709351524771,0.04010695187165769,0.0
1658275200,7.71,7.65,7.83,7.58,ok,187887.0,VWE,41.66666666666667,7.686666666666667,1444224.7400000002,16670953.0,0.0866312045868043,0.03518267929634655,0.0
1658361600,7.66,7.34,7.77,7.295,ok,117861.0,VWE,40.0763358778626,7.468333333333334,880225.2350000001,16788814.0,0.0524292683807206,-0.01740294511378848,0.0
1658448000,7.42,7.37,7.55,7.31,ok,206904.0,VWE,47.78761061946904,7.41,1533158.64,16995718.0,0.0902085242882942,0.0,0.0
1658707200,7.45,7.26,7.67,7.185,ok,149352.0,VWE,39.719626168224295,7.371666666666667,1100973.16,17145070.0,0.0642151452283367,-0.04849279161205766,0.0
1658793600,7.25,7.0,7.25,6.92,ok,181964.0,VWE,38.46153846153847,7.056666666666668,1284059.2933333337,17327034.0,0.0741072761404712,-0.07529722589167775,0.0
1658880000,7.08,7.28,7.3795,7.02,ok,224782.0,VWE,42.61603375527427,7.226500000000001,1624387.123,17551816.0,0.0925480943396398,-0.06426735218508994,0.0
1658966400,7.38,7.36,7.49,7.26,ok,161725.0,VWE,40.86956521739131,7.37,1191913.25,17713541.0,0.0672882542231392,-0.03790849673202612,0.0
1659052800,7.42,7.34,7.44,7.18,ok,291326.0,VWE,46.53465346534652,7.32,2132506.3200000003,18004867.0,0.1184405483250723,0.0,0.0
1659312000,7.34,7.19,7.36,7.17,ok,93026.0,VWE,45.19230769230771,7.240000000000001,673508.2400000001,18097893.0,0.0372147321237892,-0.024423337856173677,0.0
1659398400,7.17,7.11,7.18,6.9438,ok,165743.0,VWE,41.34615384615387,7.077933333333333,1173117.9044666667,18263636.0,0.06423244005009,-0.02066115702479332,0.0
1659484800,7.15,6.99,7.21,6.9702,ok,128724.0,VWE,40.95238095238096,7.056733333333334,908370.9416,18392360.0,0.0493884929177114,-0.0014285714285714457,0.0
1659571200,6.97,7.0,7.12,6.97,ok,144595.0,VWE,32.97297297297298,7.03,1016502.85,18536955.0,0.0548365602656962,-0.03846153846153855,0.0
1659657600,7.0,7.0,7.08,6.87,ok,175109.0,VWE,34.07821229050279,6.983333333333333,1222844.5166666666,18712064.0,0.0653505950314549,-0.048913043478260865,0.0
1659916800,7.04,6.84,7.1985,6.76,ok,187804.0,VWE,22.988505747126453,6.932833333333334,1302013.8313333334,18899868.0,0.0688901018426866,-0.0681198910081744,0.0
1660003200,6.84,6.44,6.99,6.43,ok,296881.0,VWE,19.900497512437823,6.62,1965352.22,19196749.0,0.1023794299753567,-0.1043115438108484,0.0
1660089600,6.53,6.39,6.61,6.235,ok,548082.0,VWE,22.857142857142875,6.411666666666666,3514119.09,19744831.0,0.1779766608283454,-0.10126582278481022,0.0
1660176000,6.38,6.47,6.65,6.3601,ok,208600.0,VWE,25.0,6.493366666666667,1354516.2866666666,19953431.0,0.0678838785503438,-0.07439198855507878,0.0
1660262400,6.49,6.4,6.66,6.35,ok,197515.0,VWE,25.568181818181827,6.47,1277922.05,20150946.0,0.0634174718149708,-0.08571428571428563,0.0
1660521600,6.45,6.4,6.46,6.19,ok,217217.0,VWE,30.00000000000001,6.3500000000000005,1379327.9500000002,20368163.0,0.0677198012407893,-0.08571428571428563,0.0
1660608000,6.4,6.69,6.81,6.32,ok,349498.0,VWE,30.4635761589404,6.6066666666666665,2309016.7866666666,20717661.0,0.1114516154437832,-0.021929824561403466,0.0
1660694400,6.61,6.4,6.7,6.38,ok,163092.0,VWE,22.093023255813947,6.493333333333333,1059010.72,20880753.0,0.0507170751936005,-0.006211180124223614,0.0
1660780800,6.42,6.52,6.65,6.42,ok,181158.0,VWE,27.47252747252745,6.53,1182961.74,21061911.0,0.05616592625427,0.020344287949921824,0.0
1660867200,6.5,6.6,6.62,6.47,ok,161682.0,VWE,33.14285714285711,6.563333333333333,1061172.86,21223593.0,0.0499996800730206,0.020092735703245657,0.0
1661126400,6.56,6.1,6.56,6.09,ok,293935.0,VWE,26.728110599078303,6.25,1837093.75,21517528.0,0.085376617146728,-0.04687500000000011,0.0
1661212800,6.17,6.05,6.26,6.05,ok,192015.0,VWE,27.619047619047592,6.12,1175131.8,21709543.0,0.0541297345595897,-0.05468750000000011,0.0
1661299200,6.1,6.14,6.23,6.04,ok,250759.0,VWE,30.27522935779816,6.136666666666667,1538824.3966666667,21960302.0,0.0700730070409171,-0.08221225710014957,0.0
1661385600,6.15,6.05,6.155,6.0,ok,205808.0,VWE,29.074889867841392,6.068333333333334,1248911.5466666669,22166110.0,0.0563432892224511,-0.05468750000000011,0.0
1661472000,6.05,6.01,6.08,5.89,ok,168820.0,VWE,30.697674418604635,5.993333333333332,1011794.5333333332,22334930.0,0.045300994152806,-0.07822085889570551,0.0
1661731200,5.96,5.67,5.96,5.65,ok,139674.0,VWE,31.57894736842104,5.760000000000001,804522.2400000001,22474604.0,0.0357969484134181,-0.14090909090909087,0.0
1661817600,5.73,5.7,5.76,5.51,ok,244194.0,VWE,33.33333333333333,5.656666666666666,1381324.0599999998,22718798.0,0.0608009305774011,-0.06557377049180324,0.0
1661904000,5.73,5.91,5.94,5.72,ok,300659.0,VWE,37.27272727272727,5.8566666666666665,1760859.5433333332,23019457.0,0.0764943996434552,-0.023140495867768562,0.0
1661990400,5.98,5.93,5.98,5.698,ok,169223.0,VWE,39.06976744186044,5.8693333333333335,993226.1946666668,23188680.0,0.0428323731521874,-0.03420195439739415,0.0
1662076800,5.92,5.66,5.96,5.64,ok,156013.0,VWE,34.71074380165288,5.753333333333333,897594.7933333332,23344693.0,0.0384496293583014,-0.06446280991735531,0.0
1662422400,5.67,5.6,5.685,5.53,ok,284599.0,VWE,25.11415525114153,5.605,1595177.3949999998,23629292.0,0.0675084719000467,-0.06821963394342767,0.0
1662508800,5.56,5.56,5.67,5.51,ok,190257.0,VWE,28.35051546391749,5.579999999999999,1061634.0599999998,23819549.0,0.0445698640221945,-0.01940035273368612,0.0
1662595200,5.51,5.45,5.51,5.35,ok,171761.0,VWE,22.279792746113984,5.4366666666666665,933807.3033333332,23991310.0,0.0389227309110395,-0.04385964912280704,0.0
1662681600,5.57,5.74,5.81,5.56,ok,280237.0,VWE,29.90654205607477,5.703333333333333,1598285.0233333332,24271547.0,0.0658501505212392,-0.02876480541455162,0.0
1662940800,5.77,5.72,5.91,5.64,ok,376442.0,VWE,38.55421686746988,5.756666666666667,2167051.1133333333,24647989.0,0.0879199967726914,-0.03541315345699836,0.0
1663027200,5.56,5.53,5.6,5.45,ok,299585.0,VWE,35.55555555555557,5.526666666666667,1655706.4333333336,24947574.0,0.0663674324939705,-0.0229681978798586,0.0
1663113600,4.03,3.3,4.03,3.05,ok,3889601.0,VWE,13.95939086294416,3.4599999999999995,13458019.46,28837175.0,0.4666899396352104,-0.4107142857142857,0.0
1663200000,3.32,3.25,3.63,3.2,ok,1591860.0,VWE,14.102564102564102,3.36,5348649.6,30429035.0,0.1757745390216942,-0.41546762589928055,0.0
1663286400,3.19,3.1,3.2198,3.0,ok,929439.0,VWE,13.715710723192018,3.1066000000000003,2887395.1974000004,31358474.0,0.0920770314716207,-0.4311926605504587,0.0
1663545600,3.02,3.18,3.19,2.95,ok,487135.0,VWE,16.799999999999997,3.106666666666667,1513366.066666667,31845609.0,0.0475219697216864,-0.445993031358885,0.0
1663632000,3.18,3.1,3.2,3.06,ok,270282.0,VWE,15.78947368421052,3.12,843279.8399999999,32115891.0,0.0262574013593457,-0.458041958041958,0.0
1663718400,3.1,3.08,3.13,3.0,ok,346615.0,VWE,10.803324099722984,3.0700000000000003,1064108.05,32462506.0,0.0327796027207511,-0.44303797468354433,0.0
1663804800,3.08,2.95,3.08,2.89,ok,389810.0,VWE,9.946236559139791,2.973333333333334,1159035.066666667,32852316.0,0.0352801630992063,-0.10606060606060597,0.0
1663891200,2.95,3.01,3.06,2.9,ok,345994.0,VWE,12.25071225071224,2.99,1034522.06,33198310.0,0.0311618892648451,-0.0738461538461539,0.0
1664150400,3.0,2.78,3.0,2.76,ok,431116.0,VWE,11.684782608695642,2.8466666666666662,1227243.5466666664,33629426.0,0.0364931458142243,-0.10322580645161294,0.0
1664236800,2.81,2.865,2.98,2.81,ok,211528.0,VWE,13.825503355704695,2.885,610258.28,33840954.0,0.0180331287350823,-0.09905660377358494,0.0
1664323200,2.87,2.91,3.0,2.78,ok,494450.0,VWE,15.300546448087433,2.8966666666666665,1432256.8333333333,34335404.0,0.0417137026648451,-0.06129032258064515,0.0
1664409600,2.9,2.76,2.9,2.68,ok,305947.0,VWE,7.670454545454547,2.78,850532.6599999999,34641351.0,0.0245525256794978,-0.10389610389610393,0.0
1664496000,2.74,2.77,2.98,2.71,ok,829230.0,VWE,7.977207977207982,2.82,2338428.6,35470581.0,0.0659258612087577,-0.06101694915254241,0.0
1664755200,2.79,2.92,2.94,2.75,ok,457915.0,VWE,12.391930835734868,2.87,1314216.0499999998,35928496.0,0.0365786547257641,-0.029900332225913595,0.0
1664841600,2.89,2.8,2.94,2.74,ok,571262.0,VWE,31.617647058823536,2.8266666666666667,1614767.2533333334,36499758.0,0.0442404920419837,0.007194244604316502,0.0
1664928000,2.75,2.66,2.79,2.55,ok,484359.0,VWE,29.65517241379311,2.6666666666666665,1291624.0,36984117.0,0.0349237484837072,-0.07155322862129143,0.0
1665014400,2.62,2.62,2.7,2.53,ok,482747.0,VWE,32.08955223880598,2.6166666666666667,1263187.9833333334,37466864.0,0.0337148041889316,-0.09965635738831613,0.0
1665100800,2.61,2.48,2.61,2.465,ok,301491.0,VWE,25.0,2.518333333333333,759254.835,37768355.0,0.0201029363073927,-0.10144927536231874,0.0
1665360000,2.53,2.48,2.55,2.46,ok,312139.0,VWE,26.51515151515152,2.4966666666666666,779307.0366666666,38080494.0,0.020464730228202,-0.10469314079422387,0.0
1665446400,2.53,2.67,2.695,2.42,ok,398423.0,VWE,36.24161073825504,2.595,1033907.685,38478917.0,0.0268694590598794,-0.08561643835616439,0.0
1665532800,2.66,2.84,2.875,2.65,ok,317191.0,VWE,46.405228758169926,2.7883333333333336,884434.2383333334,38796108.0,0.0227969836132359,0.014285714285714235,0.0
1665619200,2.71,2.89,3.02,2.68,ok,454475.0,VWE,46.05263157894738,2.8633333333333333,1301313.4166666667,39250583.0,0.0331539895004022,0.08646616541353391,0.0
1665705600,2.91,2.77,2.92,2.75,ok,185802.0,VWE,49.64539007092199,2.813333333333333,522722.96,39436385.0,0.0132548396613939,0.057251908396946494,0.0
1665964800,2.86,2.84,2.9,2.7,ok,294844.0,VWE,49.103942652329735,2.813333333333333,829494.4533333333,39731229.0,0.0208776439644827,0.14516129032258052,0.0
1666051200,2.9,2.9,3.01,2.83,ok,340948.0,VWE,49.64539007092198,2.9133333333333336,993295.1733333336,40072177.0,0.0247876518745995,0.1693548387096775,0.0
1666137600,2.87,2.92,3.1,2.85,ok,313555.0,VWE,56.25000000000001,2.956666666666667,927077.6166666668,40385732.0,0.022955572940133,0.09363295880149813,0.0
1666224000,2.9,2.79,3.11,2.79,ok,601071.0,VWE,50.71428571428572,2.896666666666667,1741102.33,40986803.0,0.0424795837333299,-0.017605633802816878,0.0
1666310400,2.83,2.83,2.9,2.73,ok,203129.0,VWE,46.51162790697676,2.8200000000000003,572823.78,41189932.0,0.0139068882172468,-0.02076124567474047,0.0
1666569600,2.86,2.9,2.92,2.79,ok,200176.0,VWE,54.03225806451614,2.87,574505.1199999999,41390108.0,0.0138802517741678,0.04693140794223827,0.0
1666656000,2.89,3.0,3.07,2.86,ok,437366.0,VWE,64.16666666666666,2.9766666666666666,1301892.7933333332,41827474.0,0.0311253027934063,0.05633802816901423,0.0
1666742400,3.03,2.98,3.04,2.94,ok,268113.0,VWE,65.25423728813558,2.986666666666667,800764.16,42095587.0,0.0190225203416215,0.02758620689655178,0.0
1666828800,2.97,2.86,3.0625,2.85,ok,399968.0,VWE,66.37931034482759,2.9241666666666664,1169573.0933333333,42495555.0,0.027522245405039,-0.020547945205479423,0.0
1666915200,2.87,2.84,2.91,2.82,ok,144640.0,VWE,65.25423728813558,2.856666666666667,413188.2666666667,42640195.0,0.0096901120331805,0.017921146953404854,0.0
1667174400,2.81,2.77,2.84,2.72,ok,314020.0,VWE,54.71698113207548,2.776666666666667,871928.8666666667,42954215.0,0.020299029249322,-0.021201413427561877,0.0
1667260800,2.75,2.7,2.83,2.67,ok,173976.0,VWE,42.70833333333335,2.733333333333333,475534.3999999999,43128191.0,0.0110260687725112,-0.06896551724137923,0.0
1667347200,2.71,2.58,2.71,2.56,ok,196902.0,VWE,34.9514563106796,2.6166666666666667,515226.9,43325093.0,0.0118921129609577,-0.14,0.0
1667433600,2.58,2.53,2.59,2.475,ok,240211.0,VWE,37.49999999999999,2.5316666666666663,608134.1816666665,43565304.0,0.0139591400915431,-0.15100671140939603,0.0
1667520000,2.53,2.54,2.6,2.46,ok,201546.0,VWE,33.33333333333336,2.5333333333333337,510583.20000000007,43766850.0,0.01166598007396,-0.11188811188811187,0.0
1667779200,2.58,2.39,2.58,2.37,ok,362146.0,VWE,24.242424242424264,2.4466666666666668,886050.5466666667,44128996.0,0.0200786473063349,-0.158450704225352,0.0
1667865600,2.41,2.25,2.41,2.22,ok,518512.0,VWE,19.819819819819827,2.293333333333333,1189120.8533333335,44647508.0,0.0266335324545623,-0.18772563176895307,0.0
1667952000,2.26,2.14,2.27,2.13,ok,309191.0,VWE,20.18348623853211,2.18,674036.38,44956699.0,0.0149930131658465,-0.20740740740740737,0.0
1668038400,2.35,2.66,2.69,2.35,ok,784585.0,VWE,44.5859872611465,2.566666666666667,2013768.1666666667,45741284.0,0.0440251779260649,0.03100775193798455,0.0
1668124800,2.68,3.2,3.21,2.63,ok,514955.0,VWE,57.352941176470594,3.013333333333333,1551731.066666667,46256239.0,0.0335464166610404,0.264822134387352,0.0
1668384000,3.21,3.26,3.36,3.15,ok,363612.0,VWE,56.5,3.2566666666666664,1184163.0799999998,46619851.0,0.0254004046473679,0.2834645669291338,0.0
1668470400,3.3,3.07,3.4,3.01,ok,296604.0,VWE,52.073732718894014,3.16,937268.64,46916455.0,0.0199773968429626,0.2845188284518827,0.0
1668556800,3.04,3.07,3.1,2.98,ok,209547.0,VWE,55.12195121951219,3.0500000000000003,639118.3500000001,47126002.0,0.0135619047420997,0.36444444444444435,0.0
1668643200,3.07,3.23,3.4785,2.94,ok,301738.0,VWE,58.9041095890411,3.2161666666666666,970439.6976666668,47427740.0,0.0204614366543011,0.5093457943925233,0.5093457943925233
1668729600,3.31,3.12,3.3138,3.1,ok,204663.0,VWE,57.847533632287,3.1779333333333333,650405.3698,47632403.0,0.0136546831324046,0.1729323308270676,0.0
1668988800,3.25,3.19,3.38,3.15,ok,369421.0,VWE,60.986547085201785,3.24,1196924.0399999998,48001824.0,0.024934969971141,-0.0031250000000000444,0.0
1669075200,3.16,3.09,3.18,3.02,ok,329704.0,VWE,61.53846153846153,3.0966666666666662,1020983.3866666664,48331528.0,0.0211245832465025,-0.05214723926380371,0.0
1669161600,3.17,2.99,3.17,2.97,ok,286657.0,VWE,60.17699115044249,3.043333333333333,872392.8033333333,48618185.0,0.0179437550647629,-0.026058631921824005,0.0
1669334400,3.05,3.05,3.1,2.94,ok,67276.0,VWE,61.03896103896104,3.03,203846.28,48685461.0,0.0041870052334515,-0.006514657980456029,0.0
1669593600,3.03,3.01,3.1225,2.99,ok,300566.0,VWE,64.0909090909091,3.040833333333333,913971.1116666668,48986027.0,0.0186577921836091,-0.06811145510835914,0.0
1669680000,2.97,3.16,3.26,2.85,ok,227165.0,VWE,70.58823529411767,3.09,701939.85,49213192.0,0.0142632457167175,0.012820512820512775,0.0
1669766400,3.16,3.32,3.425,3.155,ok,677820.0,VWE,76.1061946902655,3.3000000000000003,2236806.0,49891012.0,0.0448338470263942,0.04075235109717856,0.0
1669852800,3.31,3.48,3.7,3.31,ok,364829.0,VWE,71.57894736842107,3.4966666666666666,1275685.403333333,50255841.0,0.0253838236103408,0.12621359223300965,0.0
1669939200,3.47,3.58,3.67,3.2378,ok,243847.0,VWE,63.01369863013699,3.4959333333333333,852472.8555333334,50499688.0,0.0168807548976012,0.19732441471571893,0.0
1670198400,3.6,3.59,3.83,3.55,ok,232914.0,VWE,61.70212765957447,3.6566666666666654,851688.8599999999,50732602.0,0.0167878016585863,0.17704918032786887,0.0
1670284800,3.59,3.42,3.59,3.41,ok,250815.0,VWE,62.589928057553976,3.473333333333333,871164.1,50983417.0,0.0170872050415922,0.13621262458471772,0.0
1670371200,3.41,3.44,3.54,3.34,ok,189734.0,VWE,63.12056737588654,3.44,652684.96,51173151.0,0.0127544414843635,0.08860759493670889,0.0
1670457600,3.45,3.65,3.67,3.41,ok,190095.0,VWE,64.38356164383563,3.5766666666666667,679906.45,51363246.0,0.0132372173285154,0.09939759036144591,0.0
1670544000,3.89,3.75,3.89,3.56,ok,336443.0,VWE,71.72413793103449,3.733333333333333,1256053.8666666665,51699689.0,0.0242951919240107,0.07758620689655182,0.0
1670803200,3.73,3.77,3.84,3.65,ok,335996.0,VWE,70.71428571428572,3.753333333333333,1261104.9866666666,52035685.0,0.0242353874397284,0.05307262569832405,0.0
1670889600,3.89,3.91,3.985,3.7101,ok,317811.0,VWE,78.47222222222224,3.8683666666666663,1229409.4787,52353496.0,0.0234828535366578,0.08913649025069637,0.0
1670976000,3.89,3.79,3.94,3.67,ok,617021.0,VWE,77.3972602739726,3.8,2344679.8,52970517.0,0.0442638647457414,0.10818713450292394,0.0
1671062400,3.69,3.8,3.82,3.65,ok,634282.0,VWE,76.59574468085106,3.7566666666666655,2382786.0466666664,53604799.0,0.0444509837014157,0.10465116279069764,0.0
1671148800,3.78,3.77,3.83,3.7,ok,910435.0,VWE,77.14285714285715,3.766666666666667,3429305.166666667,54515234.0,0.0629054470657993,0.03287671232876721,0.0
1671408000,3.76,3.65,3.91,3.52,ok,472654.0,VWE,67.88321167883211,3.693333333333333,1745668.7733333334,54987888.0,0.0317464233820606,-0.026666666666666727,0.0
1671494400,3.65,3.62,3.6599,3.38,ok,423184.0,VWE,62.0967741935484,3.5533,1503699.7072,55411072.0,0.0271371704774092,-0.039787798408488007,0.0
1671580800,3.62,3.5,3.76,3.46,ok,185551.0,VWE,50.83333333333333,3.573333333333333,663035.5733333332,55596623.0,0.0119258245835063,-0.1048593350383632,0.0
1671667200,3.44,3.16,3.5,3.0,ok,1169648.0,VWE,35.41666666666667,3.22,3766266.56,56766271.0,0.0663469080081022,-0.1662269129287599,0.0
1671753600,3.13,3.17,3.4,3.12,ok,213113.0,VWE,35.41666666666667,3.23,688354.99,56979384.0,0.0120807727580908,-0.1657894736842105,0.0
1672099200,3.17,3.3,3.47,3.13,ok,360900.0,VWE,45.71428571428572,3.2999999999999994,1190969.9999999998,57340284.0,0.0207702145318987,-0.12466843501326264,0.0
1672185600,3.27,3.03,3.3643,2.935,ok,949025.0,VWE,37.57575757575757,3.109766666666667,2951246.310833333,58289309.0,0.050631005264333,-0.16986301369863022,0.0
1672272000,3.06,3.175,3.21,3.0511,ok,181463.0,VWE,35.01577287066246,3.1453666666666664,570767.6714333333,58470772.0,0.0097615894558965,-0.12292817679558021,0.0
1672358400,3.07,3.26,3.29,3.06,ok,170976.0,VWE,34.39490445859872,3.203333333333333,547693.12,58641748.0,0.0093396451961152,-0.06857142857142862,0.0
1672704000,3.22,3.2,3.3313,3.1206,ok,181079.0,VWE,32.29813664596273,3.2173000000000003,582585.4667000001,58822827.0,0.0099040711984141,0.012658227848101333,0.0
1672790400,3.25,3.09,3.2878,3.08,ok,226499.0,VWE,24.050632911392384,3.1526,714060.7473999999,59049326.0,0.012092614696398,-0.025236593059936974,0.0
1672876800,3.13,2.93,3.13,2.92,ok,150225.0,VWE,23.45679012345677,2.9933333333333336,449673.50000000006,59199551.0,0.0075958937593969,-0.11212121212121207,0.0
1672963200,2.94,3.06,3.0869,2.87,ok,132158.0,VWE,28.73563218390804,3.0056333333333334,397218.4900666667,59331709.0,0.0066948769344679,0.00990099009900991,0.0
1673222400,3.13,3.02,3.16,2.995,ok,140043.0,VWE,28.57142857142857,3.0583333333333336,428298.1750000001,59471752.0,0.0072017077115871,-0.04881889763779523,0.0
1673308800,2.98,3.05,3.06,2.91,ok,208007.0,VWE,31.927710843373475,3.0066666666666664,625407.7133333333,59679759.0,0.0104793940828972,-0.06441717791411039,0.0
1673395200,3.08,3.12,3.1699,3.04,ok,124197.0,VWE,35.294117647058826,3.1099666666666668,386248.5301,59803956.0,0.0064585782602742,-0.025000000000000022,0.0
1673481600,3.12,3.2,3.2,3.0877,ok,104169.0,VWE,40.963855421686745,3.1625666666666667,329441.4071,59908125.0,0.0054991106314877,0.035598705501618255,0.0
1673568000,3.18,3.28,3.37,3.18,ok,276508.0,VWE,54.28571428571428,3.276666666666667,906024.5466666667,60184633.0,0.0150540844315967,0.11945392491467555,0.0
1673913600,3.28,3.34,3.3828,3.27,ok,170863.0,VWE,55.86206896551724,3.330933333333333,569133.2621333332,60355496.0,0.0094296841191286,0.0915032679738561,0.0
1674000000,3.34,3.1,3.37,3.1,ok,100638.0,VWE,43.5897435897436,3.19,321035.22,60456134.0,0.0053102174876084,0.026490066225165476,0.0
1674086400,3.14,3.01,3.14,2.97,ok,105904.0,VWE,49.27536231884058,3.0400000000000005,321948.16000000003,60562038.0,0.0053160060432576,-0.013114754098360715,0.0
1674172800,3.05,3.06,3.1,2.92,ok,118973.0,VWE,45.525291828793776,3.026666666666667,360091.61333333334,60681011.0,0.0059341729381096,-0.019230769230769273,0.0
1674432000,3.06,3.02,3.12,3.0,ok,134140.0,VWE,40.322580645161295,3.046666666666667,408679.8666666667,60815151.0,0.0067200337407148,-0.05625000000000002,0.0
1674518400,3.0,3.01,3.07,2.97,ok,85000.0,VWE,42.01680672268906,3.016666666666667,256416.6666666667,60900151.0,0.0042104438569728,-0.08231707317073167,0.0
1674604800,2.98,3.04,3.077,2.96,ok,76776.0,VWE,47.74774774774776,3.0256666666666665,232298.584,60976927.0,0.0038096144792603,-0.08982035928143706,0.0
1674691200,3.08,2.95,3.12,2.92,ok,136637.0,VWE,50.96153846153846,2.9966666666666666,409455.5433333333,61113564.0,0.0066999126958678,-0.048387096774193505,0.0
1674777600,2.95,2.79,2.98,2.77,ok,309464.0,VWE,37.38317757009347,2.8466666666666662,880940.8533333332,61423028.0,0.0143421918784813,-0.07308970099667766,0.0
1675036800,2.79,2.72,2.87,2.7175,ok,378978.0,VWE,36.36363636363638,2.769166666666667,1049453.245,61802006.0,0.0169808929017611,-0.11111111111111105,0.0
1675123200,2.74,2.86,2.9,2.72,ok,245852.0,VWE,42.14876033057851,2.8266666666666667,694941.6533333333,62047858.0,0.0112000909577464,-0.052980132450331174,0.0
1675209600,2.86,2.72,2.86,2.67,ok,320277.0,VWE,34.375,2.75,880761.75,62368135.0,0.0141219831248761,-0.09634551495016597,0.0
1675296000,2.75,2.92,3.0599,2.71,ok,783558.0,VWE,39.99999999999999,2.8966333333333334,2269680.2214,63151693.0,0.0359401326168722,-0.03947368421052633,0.0
1675382400,2.9,2.81,2.9428,2.76,ok,380023.0,VWE,33.566433566433574,2.8376,1078353.2648,63531716.0,0.0169734635343392,-0.0474576271186441,0.0
1675641600,2.87,2.85,2.89,2.727,ok,280461.0,VWE,32.62411347517731,2.8223333333333334,791554.429,63812177.0,0.0124044416945687,0.021505376344086002,0.0
1675728000,2.85,2.82,2.87,2.74,ok,288979.0,VWE,38.33333333333333,2.81,812030.99,64101156.0,0.0126679617135141,0.03676470588235281,0.0
1675814400,2.79,2.79,2.83,2.77,ok,120515.0,VWE,40.35087719298247,2.796666666666667,337040.2833333334,64221671.0,0.0052480771379077,-0.02447552447552437,0.0
1675900800,2.1,2.02,2.4,2.0,ok,2235517.0,VWE,22.04301075268816,2.14,4784006.38,66457188.0,0.0719862895793905,-0.2573529411764707,0.0
1675987200,2.0,1.92,2.0,1.7701,ok,1010881.0,VWE,21.354166666666657,1.8967,1917337.9927,67468069.0,0.0284184506999896,-0.34246575342465757,0.0
1676246400,1.92,1.84,1.92,1.775,ok,355342.0,VWE,20.603015075376888,1.845,655605.99,67823411.0,0.0096663671191647,-0.34519572953736655,0.0
1676332800,1.81,1.8,1.86,1.78,ok,249214.0,VWE,18.999999999999982,1.8133333333333332,451908.0533333333,68072625.0,0.0066386165265895,-0.368421052631579,0.0
1676419200,1.83,1.84,1.87,1.79,ok,353132.0,VWE,21.53846153846152,1.8333333333333333,647408.6666666666,68425757.0,0.0094614761319581,-0.34751773049645385,0.0
1676505600,1.86,1.79,1.9,1.78,ok,244285.0,VWE,22.82608695652172,1.8233333333333333,445412.9833333333,68670042.0,0.0064862780094605,-0.3584229390681003,0.0
1676592000,1.76,1.72,1.79,1.72,ok,304071.0,VWE,22.82608695652172,1.7433333333333332,530097.11,68974113.0,0.0076854501920162,-0.14851485148514854,0.0
1676937600,1.73,1.57,1.74,1.52,ok,377782.0,VWE,15.13513513513513,1.61,608229.02,69351895.0,0.0087701860201512,-0.18229166666666663,0.0
1677024000,1.55,1.69,1.71,1.55,ok,345131.0,VWE,21.85792349726775,1.6499999999999997,569466.1499999999,69697026.0,0.0081705946821891,-0.08152173913043481,0.0
1677110400,1.69,1.7,1.76,1.64,ok,396232.0,VWE,12.804878048780497,1.7,673594.4,70093258.0,0.009609974186105,-0.05555555555555558,0.0
1677196800,1.69,1.61,1.7485,1.59,ok,186832.0,VWE,12.962962962962948,1.6495,308179.384,70280090.0,0.0043850169230005,-0.125,0.0
1677456000,1.62,1.53,1.64,1.52,ok,255146.0,VWE,10.240963855421684,1.5633333333333337,398878.2466666667,70535236.0,0.0056550210828906,-0.14525139664804465,0.0
1677542400,1.56,1.53,1.59,1.51,ok,324864.0,VWE,10.429447852760733,1.5433333333333332,501373.44,70860100.0,0.0070755395490551,-0.11046511627906974,0.0
1677628800,1.53,1.5,1.55,1.49,ok,329069.0,VWE,10.429447852760733,1.5133333333333334,497991.0866666666,71189169.0,0.0069953209689337,-0.04458598726114649,0.0
1677715200,1.5,1.5,1.57,1.48,ok,348728.0,VWE,19.767441860465112,1.5166666666666666,528904.1333333333,71537897.0,0.0073933419280319,-0.1124260355029586,0.0
1677801600,1.48,1.52,1.545,1.48,ok,289130.0,VWE,24.358974358974365,1.515,438031.95,71827027.0,0.0060984279636131,-0.10588235294117643,0.0
1678060800,1.53,1.47,1.53,1.455,ok,397323.0,VWE,25.33333333333333,1.485,590024.655,72224350.0,0.0081693314650806,-0.08695652173913049,0.0
1678147200,1.48,1.44,1.51,1.43,ok,209757.0,VWE,25.675675675675663,1.46,306245.22,72434107.0,0.0042279146203873,-0.05882352941176472,0.0
1678233600,1.45,1.39,1.45,1.375,ok,413976.0,VWE,19.999999999999982,1.405,581636.28,72848083.0,0.0079842359063861,-0.09150326797385633,0.0
1678320000,1.4,1.37,1.5275,1.365,ok,288321.0,VWE,20.83333333333333,1.4208333333333334,409656.0875,73136404.0,0.0056012610012928,-0.08666666666666656,0.0
1678406400,1.37,1.24,1.41,1.22,ok,647079.0,VWE,19.23076923076921,1.29,834731.91,73783483.0,0.0113132624817941,-0.17333333333333334,0.0
1678665600,1.24,1.19,1.24,1.17,ok,296055.0,VWE,22.05882352941176,1.2,355266.0,74079538.0,0.004795737252033,-0.2171052631578948,0.0
1678752000,1.25,1.11,1.25,1.11,ok,645415.0,VWE,4.6875,1.156666666666667,746530.0166666668,74724953.0,0.0099903711771711,-0.2448979591836734,0.0
1678838400,1.09,1.11,1.15,1.05,ok,252911.0,VWE,3.174603174603177,1.1033333333333335,279045.1366666667,74977864.0,0.0037217002696511,-0.22916666666666652,0.0
1678924800,1.09,1.15,1.21,1.0822,ok,386819.0,VWE,10.34482758620686,1.1474,443836.1206,75364683.0,0.0058891791610136,-0.17266187050359716,0.0
1679011200,1.12,1.12,1.16,1.09,ok,285353.0,VWE,11.320754716981114,1.1233333333333333,320546.5366666667,75650036.0,0.0042372291358416,-0.18248175182481752,0.0
1679270400,1.14,1.1,1.15,1.1,ok,299806.0,VWE,10.909090909090878,1.1166666666666667,334783.3666666667,75949842.0,0.0044079534315116,-0.11290322580645151,0.0
1679356800,1.15,1.13,1.15,1.11,ok,261387.0,VWE,16.363636363636317,1.13,295367.31,76211229.0,0.0038756402944243,-0.050420168067226934,0.0
1679443200,1.16,1.04,1.16,1.03,ok,289148.0,VWE,14.062499999999956,1.0766666666666669,311316.0133333333,76500377.0,0.004069470315595,-0.06306306306306309,0.0
1679529600,1.05,0.9849,1.06,0.97,ok,464797.0,VWE,10.368834246778206,1.0049666666666668,467105.4917666667,76965174.0,0.0060690500325077,-0.11270270270270277,0.0
1679616000,0.9899,1.05,1.0605,0.96,ok,251984.0,VWE,19.57403651115615,1.0235,257905.624,77217158.0,0.0033400040959808,-0.08695652173913038,0.0
1679875200,1.1,1.15,1.19,1.06,ok,158334.0,VWE,30.926072086293047,1.1333333333333333,179445.19999999998,77375492.0,0.0023191477735611,0.02678571428571419,0.0
1679961600,1.17,1.11,1.17,1.1,ok,54202.0,VWE,31.33830978405757,1.1266666666666667,61067.58666666667,77429694.0,0.0007886843342899,0.009090909090909038,0.0
1680048000,1.12,1.06,1.13,1.06,ok,147763.0,VWE,30.13329915406304,1.0833333333333333,160076.5833333333,77577457.0,0.0020634420039488,-0.06194690265486713,0.0
1680134400,1.06,1.05,1.15,1.05,ok,135095.0,VWE,35.610421084519814,1.0833333333333333,146352.91666666666,77712552.0,0.0018832596910041,0.009615384615384581,0.0
1680220800,1.06,1.07,1.09,1.04,ok,143303.0,VWE,40.47921294827038,1.0666666666666669,152856.53333333333,77855855.0,0.0019633273995042,0.08640471113818671,0.0
1680480000,1.08,1.09,1.13,1.035,ok,106577.0,VWE,48.24622939319536,1.085,115636.045,77962432.0,0.0014832277807854,0.03809523809523818,0.0
1680566400,1.1,1.03,1.101,1.02,ok,124030.0,VWE,43.652808632180246,1.0503333333333331,130272.84333333334,78086462.0,0.0016683153519406,-0.10434782608695647,0.0
1680652800,1.07,1.0,1.07,0.96,ok,166989.0,VWE,37.90712673331184,1.01,168658.89,78253451.0,0.0021552901226043,-0.0990990990990992,0.0
1680739200,1.04,1.09,1.12,1.01,ok,108639.0,VWE,47.79476624522199,1.0733333333333333,116605.86,78362090.0,0.001488039178128,0.028301886792452935,0.0
1681084800,1.13,1.1,1.13,1.05,ok,162198.0,VWE,50.0,1.0933333333333333,177336.47999999998,78524288.0,0.0022583646985758,0.04761904761904767,0.0
1681171200,1.13,1.21,1.25,1.11,ok,198788.0,VWE,55.33191149026927,1.1900000000000002,236557.72000000003,78723076.0,0.0030049349189556,0.1308411214953269,0.0
1681257600,1.25,1.26,1.29,1.16,ok,100513.0,VWE,65.48859476203886,1.2366666666666666,124301.07666666666,78823589.0,0.0015769527655822,0.15596330275229353,0.0
1681344000,1.26,1.35,1.41,1.22,ok,210974.0,VWE,74.50006710508657,1.3266666666666669,279892.17333333334,79034563.0,0.0035413895226235,0.3106796116504855,0.0
1681430400,1.39,1.27,1.39,1.24,ok,181839.0,VWE,64.4736842105263,1.3,236390.7,79216402.0,0.0029841130628477,0.27,0.0
1681689600,1.29,1.41,1.41,1.26,ok,140015.0,VWE,66.25,1.36,190420.4,79356417.0,0.0023995589417803,0.29357798165137594,0.0
1681776000,1.44,1.3,1.455,1.26,ok,211173.0,VWE,60.91954022988505,1.3383333333333332,282619.865,79567590.0,0.0035519470301915,0.18181818181818166,0.0
1681862400,1.28,1.36,1.37,1.28,ok,64080.0,VWE,67.04545454545455,1.336666666666667,85653.60000000002,79631670.0,0.0010756222995197,0.12396694214876036,0.0
1681948800,1.35,1.27,1.36,1.25,ok,82808.0,VWE,61.45833333333333,1.2933333333333334,107098.34666666668,79714478.0,0.0013435244055247,0.007936507936507908,0.0
1682035200,1.25,1.28,1.29,1.25,ok,164730.0,VWE,61.05263157894737,1.2733333333333334,209756.2,79879208.0,0.0026259173726409,-0.05185185185185193,0.0
1682294400,1.28,1.28,1.3,1.24,ok,53296.0,VWE,60.21505376344086,1.2733333333333334,67863.57333333333,79932504.0,0.0008490109772281,0.007874015748031482,0.0
1682380800,1.25,1.28,1.3,1.225,ok,106137.0,VWE,64.36781609195401,1.2683333333333335,134617.09500000003,80038641.0,0.0016819013081444,-0.0921985815602836,0.0
1682467200,1.28,1.33,1.3794,1.24,ok,129739.0,VWE,68.53932584269663,1.316466666666667,170797.06886666667,80168380.0,0.0021304792346641,0.023076923076922995,0.0
1682553600,1.33,1.3,1.38,1.26,ok,109667.0,VWE,62.65060240963855,1.3133333333333332,144029.32666666666,80278047.0,0.0017941309243194,-0.044117647058823595,0.0
1682640000,1.29,1.34,1.37,1.29,ok,89320.0,VWE,63.95348837209302,1.3333333333333333,119093.33333333331,80367367.0,0.0014818618274919,0.0551181102362206,0.0
1682899200,1.35,1.38,1.4457,1.34,ok,97942.0,VWE,60.75949367088607,1.3885666666666667,135998.99646666666,80465309.0,0.0016901568906752,0.078125,0.0
1682985600,1.36,1.185,1.4,1.17,ok,227358.0,VWE,45.98930481283422,1.2516666666666667,284576.43,80692667.0,0.0035266702735206,-0.07421875,0.0
1683072000,1.19,1.37,1.4,1.18,ok,138366.0,VWE,50.970873786407765,1.3166666666666669,182181.9,80831033.0,0.0022538608407986,0.0703125,0.0
1683158400,1.39,1.3,1.39,1.3,ok,251800.0,VWE,51.47058823529412,1.33,334894.0,81082833.0,0.0041302700905874,-0.022556390977443663,0.0
1683244800,1.32,1.28,1.33,1.28,ok,42346.0,VWE,42.77777777777778,1.2966666666666669,54908.64666666668,81125179.0,0.0006768385271195,-0.015384615384615441,0.0
1683504000,1.31,1.38,1.4,1.285,ok,129174.0,VWE,54.4943820224719,1.3549999999999998,175030.76999999996,81254353.0,0.0021541094542959,0.02985074626865658,0.0
1683590400,1.41,1.33,1.41,1.27,ok,170460.0,VWE,48.29545454545454,1.336666666666667,227848.2,81424813.0,0.0027982649465832,-0.03623188405797084,0.0
